"species","x","y","alt","wc2.0_bio_2.5m_1","wc2.0_bio_2.5m_5","wc2.0_bio_2.5m_6","wc2.0_bio_2.5m_16","wc2.0_bio_2.5m_17","wc2.0_bio_2.5m_12","current_2.5arcmin_climaticMoistureIndex","current_2.5arcmin_PETDriestQuarter","current_2.5arcmin_PETWettestQuarter","IPCCconcert"
"species",1,1,140,8.33833312988281,16.5879993438721,0.928000032901764,1012,314,2649,0.800000011920929,75.379997253418,11.3199996948242,0.677450954914093
"species",2,2,334,7.68050003051758,16.7439994812012,-2.02799987792969,1049,325,2724,0.779999971389771,80.4100036621094,10.6700000762939,0.676470577716827
"species",3,3,137,8.24348926544189,17.0812492370605,-1.01874995231628,920,237,2210,0.720000028610229,89.0500030517578,17.0200004577637,0.670261442661285
"species",4,4,344,7.67516660690308,16.42799949646,-0.15200001001358,1201,323,3007,0.779999971389771,84.4100036621094,11.25,0.672875821590424
"species",5,5,394,7.2909722328186,16.4874992370605,-1.17916667461395,1254,298,3015,0.75,87.9300003051758,11,0.672875821590424
"species",6,6,790,5.86399984359741,15.6079998016357,-4.18400001525879,1127,303,2752,0.75,82.9700012207031,10.210000038147,0.670261442661285
"species",7,7,478,6.69649982452393,16.3560009002686,-3.51200008392334,1053,268,2465,0.699999988079071,88.5299987792969,10.2600002288818,0.670261442661285
"species",8,8,728,5.58949995040894,15.3760004043579,-4.41599988937378,978,258,2319,0.699999988079071,91.0400009155273,10.1899995803833,0.667973875999451
"species",9,9,738,5.81366682052612,15.9440002441406,-4.56799983978271,870,232,2052,0.670000016689301,96.0999984741211,10.3800001144409,0.654248356819153
"species",10,10,26,9.17870330810547,18.0555553436279,0.533333301544189,1474,286,3285,0.75,89.5500030517578,11.710000038147,0.664705872535706
"species",11,11,593,6.5198335647583,16.5359992980957,-3.33599996566772,1326,308,3065,0.75,85.3300018310547,11.039999961853,0.664705872535706
"species",12,12,316,7.74149990081787,17.8920001983643,-4.08799982070923,1383,291,3034,0.730000019073486,92.1500015258789,11.3000001907349,0.665359497070312
"species",13,13,1133,4.40183353424072,14.6960000991821,-6.49600028991699,973,241,2284,0.730000019073486,89.4300003051758,10.6700000762939,0.673529386520386
"species",14,14,509,7.16016674041748,18.1159992218018,-5.85199975967407,860,185,1952,0.670000016689301,103.860000610352,11.5,0.656535923480988
"species",15,15,152,8.77883338928223,19.07200050354,-3.14000010490417,753,159,1676,0.569999992847443,116.76000213623,12.2399997711182,0.656535923480988
"species",16,16,151,8.80416679382324,17.988000869751,-0.232000008225441,1559,339,3567,0.790000021457672,85.129997253418,12.4799995422363,0.699999988079071
"species",17,17,499,7.24716663360596,17.1159992218018,-2.01200008392334,1369,295,3134,0.779999971389771,87.3300018310547,12.2299995422363,0.702614367008209
"species",18,18,272,7.83035707473755,18.2809524536133,-2.30476188659668,1286,245,2873,0.759999990463257,95.0999984741211,12.710000038147,0.664379060268402
"species",19,19,1026,4.47016668319702,15.2399997711182,-6.31199979782104,980,204,2224,0.730000019073486,94.6100006103516,11.7399997711182,0.669934630393982
"species",20,20,1126,4.00183343887329,14.9440002441406,-6.75999975204468,853,188,1965,0.689999997615814,98.629997253418,11.5699996948242,0.669934630393982
"species",21,21,41,9.50500011444092,20.3839988708496,-2.64400005340576,670,124,1429,0.469999998807907,121.169998168945,13.4499998092651,0.655228734016418
"species",22,22,298,8.06850051879883,17.6359996795654,-0.888000011444092,1336,273,3112,0.800000011920929,90.4599990844727,13.9300003051758,0.664379060268402
"species",23,23,596,6.65966653823853,17.0240001678467,-3.08800005912781,1240,228,2792,0.769999980926514,96.370002746582,13.4399995803833,0.669934630393982
"species",24,24,538,7.14583301544189,18.3400001525879,-4.41599988937378,1120,186,2455,0.720000028610229,105.050003051758,13.3599996566772,0.669934630393982
"species",25,25,377,7.93866682052612,19.2639999389648,-4.37599992752075,1010,153,2146,0.639999985694885,115.419998168945,13.2200002670288,0.655228734016418
"species",26,26,459,7.74933338165283,18.7560005187988,-3.71199989318848,806,136,1729,0.579999983310699,117.580001831055,12.7700004577637,0.65261435508728
"species",27,27,54,9.77321434020996,20.5047626495361,-1.53333330154419,539,98,1141,0.449999988079071,118.830001831055,13.1199998855591,0.65261435508728
"species",28,28,48,9.5284309387207,18.5882358551025,0.341176480054855,1259,210,2793,0.720000028610229,108.599998474121,13.6899995803833,0.668954253196716
"species",29,29,556,7.08466672897339,18.1520004272461,-4.24399995803833,1128,190,2468,0.680000007152557,110.26000213623,12.8999996185303,0.674509823322296
"species",30,30,852,6.04166650772095,17.1840000152588,-5.44000005722046,1004,175,2180,0.660000026226044,109.120002746582,12.3500003814697,0.674509823322296
"species",31,31,505,7.46216678619385,18.5879993438721,-3.94000005722046,829,133,1725,0.540000021457672,117.889999389648,13.0299997329712,0.654575169086456
"species",32,32,224,8.64750003814697,17.7840003967285,-0.247999995946884,1337,227,2959,0.720000028610229,99.4000015258789,13.7700004577637,0.678431391716003
"species",33,33,330,8.09816646575928,18.2959995269775,-2.29999995231628,1339,203,2881,0.670000016689301,113.610000610352,13.7700004577637,0.678431391716003
"species",34,34,649,6.90616655349731,18.0319995880127,-4.76800012588501,1019,164,2145,0.629999995231628,113.400001525879,13.1199998855591,0.661437928676605
"species",35,35,387,8.36733341217041,19.1359996795654,-2.77600002288818,665,106,1351,0.430000007152557,112.75,13.8599996566772,0.702941179275513
"species",36,36,311,9.62716674804688,20.9039993286133,-2.57599997520447,863,122,1818,0.519999980926514,135.350006103516,19.4200000762939,0.670915007591248
"species",37,37,4,11.4016666412354,23.0799999237061,-1.89199995994568,519,87,1124,0.0500000007450581,148.880004882812,20.2800006866455,0.670915007591248
"species",38,38,302,9.47533321380615,17.5599994659424,1.58799993991852,1223,187,2647,0.709999978542328,111.900001525879,21.4899997711182,0.674183011054993
"species",39,39,466,8.85816669464111,18.7240009307861,-1.83999991416931,1147,147,2406,0.660000026226044,129.190002441406,20.3700008392334,0.673856198787689
"species",40,40,72,11.0511665344238,22.9599990844727,-1.81199991703033,596,65,1211,0.219999998807907,154.619995117188,21.3500003814697,0.670915007591248
"species",41,41,75,11.4086666107178,23.4120006561279,-2.23200011253357,505,76,1069,0.0199999995529652,153.089996337891,21.2800006866455,0.670915007591248
"species",42,42,107,11.1451663970947,23.068000793457,-2.40000009536743,614,111,1380,0.280000001192093,150.059997558594,20.4300003051758,0.672222197055817
"species",43,43,480,9.64066696166992,21.3279991149902,-3.74799990653992,937,163,2127,0.589999973773956,138.820007324219,17.9899997711182,0.675490200519562
"species",44,44,1359,4.84899997711182,16.1199989318848,-7.02400016784668,1024,169,2248,0.689999997615814,114.730003356934,14.4099998474121,0.675490200519562
"species",45,45,81,10.4479999542236,19.1280002593994,1.46399998664856,1125,171,2428,0.660000026226044,118.629997253418,21.4300003051758,0.668954253196716
"species",46,46,220,10.1213331222534,20.9120006561279,-1.73199999332428,995,108,2018,0.540000021457672,146.279998779297,21.75,0.661437928676605
"species",47,47,65,11.3356666564941,23.6319999694824,-2.05599999427795,579,61,1160,0.119999997317791,162.399993896484,21.8400001525879,0.661111116409302
"species",48,48,427,9.97150039672852,21.1319999694824,-2.55999994277954,866,143,1937,0.540000021457672,139.830001831055,19.9099998474121,0.667320251464844
"species",49,49,1177,6.63700008392334,17.1879997253418,-4.88800001144409,1129,168,2425,0.699999988079071,121.379997253418,15.7399997711182,0.665032684803009
"species",50,50,39,10.9563331604004,20.5160007476807,0.688000023365021,927,124,1965,0.589999973773956,114.220001220703,22.7299995422363,0.651307165622711
"species",51,51,243,10.0528335571289,20.2959995269775,-1.28400003910065,1102,117,2237,0.469999998807907,147.309997558594,21.9400005340576,0.643137276172638
"species",52,52,112,11.3676662445068,23.5160007476807,-2.07999992370605,613,75,1255,0.140000000596046,156.850006103516,21.6200008392334,0.644444465637207
"species",53,53,98,11.3968334197998,23.8680000305176,-2.46000003814697,523,85,1130,0.140000000596046,142.589996337891,22.1800003051758,0.644444465637207
"species",54,54,838,8.70533275604248,18.8279991149902,-1.85599994659424,1053,157,2283,0.639999985694885,133.839996337891,18.3099994659424,0.643137276172638
"species",55,55,802,8.37349987030029,20.3239994049072,-5.37199974060059,959,124,2014,0.589999973773956,143.309997558594,17.6000003814697,0.64934641122818
"species",56,56,230,10.0784997940063,18.8999996185303,0.420000016689301,1090,125,2275,0.610000014305115,125.139999389648,23.3099994659424,0.651307165622711
"species",57,57,694,9.07466697692871,17.8199996948242,0.104000002145767,1215,142,2521,0.610000014305115,132,20.6700000762939,0.643137276172638
"species",58,58,91,11.7336664199829,24.1240005493164,-2.51200008392334,621,76,1264,0.109999999403954,156.940002441406,22.0799999237061,0.644444465637207
"species",59,59,438,10.3678331375122,21.6119995117188,-1.87600004673004,797,122,1733,0.419999986886978,148.979995727539,21.1700000762939,0.644444465637207
"species",60,60,840,9.09916687011719,19.6319999694824,-2.11199998855591,957,142,2065,0.569999992847443,144.360000610352,18.8600006103516,0.643137276172638
"species",61,61,1246,7.22733306884766,17.8719997406006,-4.43599987030029,890,131,1864,0.560000002384186,139.550003051758,16.8299999237061,0.64934641122818
"species",62,62,266,10.4523334503174,18.9839992523193,1.34799993038177,981,114,2069,0.550000011920929,129.149993896484,23.6200008392334,0.638888895511627
"species",63,63,259,10.5815000534058,21.3880004882812,-1.48800003528595,850,93,1752,0.370000004768372,148.979995727539,22.8999996185303,0.632026135921478
"species",64,64,250,11.1523332595825,23.2719993591309,-2.24799990653992,705,86,1451,0.219999998807907,155.139999389648,22.7900009155273,0.630065381526947
"species",65,65,205,11.5459995269775,24.503999710083,-2.7039999961853,556,94,1230,0.180000007152557,153.490005493164,23.0599994659424,0.630065381526947
"species",66,66,717,9.44383335113525,20.1919994354248,-1.89600002765656,769,120,1665,0.409999996423721,155.339996337891,20.6100006103516,0.631372570991516
"species",67,67,1172,7.32566690444946,18.7000007629395,-4.96400022506714,687,105,1433,0.370000004768372,150.910003662109,18.5699996948242,0.629738569259644
"species",68,68,421,10.0431671142578,18.492000579834,0.76800000667572,909,100,1896,0.5,130.919998168945,24.0200004577637,0.632352948188782
"species",69,69,123,12.0296669006348,24.1679992675781,-1.41600000858307,641,69,1324,0.200000002980232,162.910003662109,24.3999996185303,0.618627429008484
"species",70,70,448,11.2546663284302,23.3999996185303,-2.46399998664856,746,89,1557,0.28999999165535,155.929992675781,23.0799999237061,0.620915055274963
"species",71,71,585,10.3003330230713,20.9640007019043,-1.80799996852875,751,101,1596,0.319999992847443,157.179992675781,22.0300006866455,0.620915055274963
"species",72,72,778,9.37883281707764,21.3039989471436,-4.0479998588562,658,95,1391,0.25,162.990005493164,21.0499992370605,0.624182999134064
"species",73,73,1890,3.57683324813843,14.3520002365112,-7.12400007247925,785,113,1641,0.509999990463257,129.429992675781,16.4699993133545,0.615686297416687
"species",74,74,127,11.1763334274292,19.8519992828369,2.66400003433228,797,81,1668,0.490000009536743,112.019996643066,27.6100006103516,0.635620892047882
"species",75,75,421,10.7338333129883,19.3959999084473,1.34800004959106,801,78,1654,0.400000005960464,138.759994506836,25.7000007629395,0.629084944725037
"species",76,76,337,11.6733331680298,24.0279998779297,-1.84800004959106,598,62,1232,0.140000000596046,161.119995117188,25.7399997711182,0.614052295684814
"species",77,77,241,12.3229999542236,26.2399997711182,-2.79200005531311,495,63,1044,-0.119999997317791,173.330001831055,26,0.605882346630096
"species",78,78,1080,8.60750007629395,18.2560005187988,-1.84800004959106,789,96,1643,0.340000003576279,152.059997558594,20.6900005340576,0.605882346630096
"species",79,79,1366,7.30649995803833,18.4200000762939,-4.56400012969971,714,90,1471,0.330000013113022,149.889999389648,19.5200004577637,0.609150350093842
"species",80,80,1602,4.89783334732056,18.4839992523193,-8.7480001449585,606,82,1234,0.259999990463257,147.710006713867,18.7299995422363,0.598366022109985
"species",81,81,523,10.5501670837402,19.435998916626,2.06800007820129,991,91,2052,0.540000021457672,120.589996337891,26.3299999237061,0.635620892047882
"species",82,82,895,9.1584997177124,18.0919990539551,-0.351999998092651,963,88,1955,0.439999997615814,134.169998168945,23.5699996948242,0.629084944725037
"species",83,83,586,10.9808330535889,23.0240001678467,-2.0239999294281,660,61,1329,0.109999999403954,160.789993286133,24.7800006866455,0.614052295684814
"species",84,84,723,10.5389995574951,22.2999992370605,-1.87999999523163,599,67,1227,-0.0299999993294477,164.529998779297,23.6399993896484,0.605882346630096
"species",85,85,670,10.7135000228882,23.3719997406006,-3.37599992752075,514,68,1094,-0.0900000035762787,172.529998779297,24.0599994659424,0.605882346630096
"species",86,86,930,8.98366641998291,23.6319999694824,-6.91200017929077,526,70,1101,-0.00999999977648258,171.190002441406,23.4400005340576,0.609150350093842
"species",87,87,193,12.1526670455933,22.4039993286133,2.35199999809265,958,77,1975,0.540000021457672,123.470001220703,28.7700004577637,0.632679760456085
"species",88,88,671,11.3824996948242,23.1439990997314,-1.49199998378754,905,66,1793,0.379999995231628,147.229995727539,25.4099998474121,0.625817000865936
"species",89,89,755,11.0780000686646,23.2080001831055,-2.09200000762939,708,57,1387,0.0500000007450581,165.119995117188,24.3600006103516,0.608823537826538
"species",90,90,803,10.8621664047241,23.2119998931885,-2.29200005531311,536,55,1077,-0.239999994635582,170.729995727539,24.2600002288818,0.596078455448151
"species",91,91,403,12.4375,28.0440006256104,-4.91599988937378,264,42,563,-0.519999980926514,185.740005493164,25.9200000762939,0.596078455448151
"species",92,92,1019,9.53299999237061,23.576000213623,-5.43200016021729,398,59,844,-0.230000004172325,156.949996948242,23.8600006103516,0.592156887054443
"species",93,93,207,11.2744998931885,18.5520000457764,4.35599994659424,1001,81,2076,0.579999983310699,114.230003356934,28.9300003051758,0.624836623668671
"species",94,94,879,11.095832824707,23.42799949646,-1.7039999961853,959,68,1903,0.400000005960464,144.869995117188,25.1200008392334,0.624836623668671
"species",95,95,526,12,26.6399993896484,-4.27199983596802,721,42,1361,0.0900000035762787,184.350006103516,26.0699996948242,0.6062091588974
"species",96,96,1058,9.20049953460693,20.6679992675781,-1.07200002670288,557,55,1094,-0.209999993443489,167.970001220703,24.3299999237061,0.587254881858826
"species",97,97,1280,8.48316669464111,21.3680000305176,-4.2519998550415,459,61,939,-0.259999990463257,161.720001220703,22.8700008392334,0.587254881858826
"species",98,98,1403,8.40816688537598,21.988000869751,-5.44000005722046,386,57,819,-0.270000010728836,145,21.7800006866455,0.575490176677704
"species",99,99,604,11.2848329544067,22.3120002746582,0.224000006914139,970,60,1911,0.439999997615814,147.990005493164,27.5400009155273,0.624836623668671
"species",100,100,1119,9.23133373260498,22.6480007171631,-5.02399969100952,742,59,1479,0.159999996423721,158.639999389648,25.1200008392334,0.6062091588974
"species",101,101,1056,9.54183292388916,23.1399993896484,-5.03999996185303,521,49,1018,-0.219999998807907,173.929992675781,25.7700004577637,0.587254881858826
"species",102,102,194,11.9136667251587,22.3040008544922,0.991999983787537,857,54,1735,0.430000007152557,134.970001220703,30.5799999237061,0.618627429008484
"species",103,103,1054,9.84833335876465,21.9400005340576,-1.71599996089935,704,52,1387,0.140000000596046,163.130004882812,27.1399993896484,0.599019587039948
"species",104,104,1793,5.83933353424072,18.2639999389648,-4.90000009536743,707,73,1470,0.230000004172325,138.429992675781,22.6800003051758,0.58300656080246
"species",105,105,534,10.958833694458,20.8320007324219,1.21200001239777,781,47,1561,0.349999994039536,141.669998168945,29.5699996948242,0.61503267288208
"species",106,106,911,10.3161668777466,22.7959995269775,-1.96000003814697,691,48,1384,0.140000000596046,168.589996337891,28.5499992370605,0.585294127464294
"species",107,107,1622,7.71166658401489,20.5240001678467,-5.05599975585938,676,63,1401,0.180000007152557,148.740005493164,24.7800006866455,0.55751633644104
"species",108,108,607,11.1236667633057,21.7639999389648,1.25999999046326,809,40,1594,0.379999995231628,144.149993896484,29.9099998474121,0.597712397575378
"species",109,109,915,10.4861669540405,24.0120010375977,-3.51999998092651,722,40,1419,0.180000007152557,170.710006713867,29.2900009155273,0.573856234550476
"species",110,110,1212,9.53416633605957,22.6959991455078,-3.85199999809265,632,45,1265,0.0299999993294477,171.360000610352,28.3600006103516,0.531045734882355
"species",111,111,81,11.9581670761108,20.7560005187988,3.77999997138977,969,30,1853,0.560000002384186,102.440002441406,32.1599998474121,0.623529434204102
"species",112,112,347,11.7484998703003,22.4479999542236,1.72000002861023,867,30,1661,0.389999985694885,147.470001220703,31.0499992370605,0.597712397575378
"species",113,113,1443,8.50716686248779,20.0120010375977,-3.31200003623962,883,50,1742,0.370000004768372,147.160003662109,27.8199996948242,0.573856234550476
"species",114,114,443,11.256667137146,21.4200000762939,2.05999994277954,994,32,1902,0.439999997615814,149.649993896484,31.2099990844727,0.575816988945007
"species",115,115,641,11.8291664123535,24.6439990997314,-2.10800004005432,820,28,1553,0.209999993443489,178.720001220703,32.8400001525879,0.552941203117371
"species",116,116,517,11.8843336105347,23.4559993743896,-0.727999985218048,773,24,1473,0.180000007152557,167.949996948242,35.4000015258789,0.5343137383461
"species",117,117,1217,9.94366645812988,24.1200008392334,-4.26399993896484,714,32,1352,0.0399999991059303,173.899993896484,32.9700012207031,0.515032708644867
"species",118,118,282,16.0820007324219,32.484001159668,-0.164000004529953,293,14,561,-0.620000004768372,203.520004272461,41.9900016784668,0.468954235315323
"species",119,119,45,16.0669994354248,31.3719997406006,-1.04799997806549,275,13,509,-0.639999985694885,201.119995117188,40.5699996948242,0.444771230220795
"species",120,120,212,12.1588335037231,22.6319999694824,0.332000017166138,597,19,1154,0.0500000007450581,146.770004272461,37.7900009155273,0.519607841968536
"species",121,121,284,14.1499996185303,28.1840000152588,-1.31200003623962,563,13,1039,-0.159999996423721,187.839996337891,42.5999984741211,0.493464052677155
"species",122,122,1052,11.3638334274292,25.6440010070801,-2.30399990081787,679,23,1275,-0.0299999993294477,177.059997558594,35.1800003051758,0.493464052677155
"species",123,123,485,14.4266662597656,30.8719997406006,-1.69599997997284,350,11,644,-0.540000021457672,202.320007324219,42.3800010681152,0.469934642314911
"species",124,124,344,11.0316667556763,28.6560001373291,-8.30399990081787,277,180,921,-0.180000007152557,27.8799991607666,161.960006713867,0.651307165622711
"species",125,125,394,10.7298336029053,28.0960006713867,-8.18400001525879,280,186,947,-0.140000000596046,27.2199993133545,157.309997558594,0.633986949920654
"species",126,126,471,11.4729995727539,20.496000289917,3.25999999046326,688,20,1302,0.219999998807907,134.339996337891,37.060001373291,0.519607841968536
"species",127,127,412,13.2519998550415,26.3199996948242,-0.73199999332428,595,14,1115,-0.0299999993294477,169.080001831055,38.8600006103516,0.493464052677155
"species",128,128,606,13.2239999771118,28.3159999847412,-2.11199998855591,544,14,1006,-0.219999998807907,191.449996948242,38.5099983215332,0.493464052677155
"species",129,129,748,13.3736667633057,28.4079990386963,-1.27999997138977,541,15,999,-0.280000001192093,190.149993896484,39.1300010681152,0.469934642314911
"species",130,130,292,15.9063329696655,31.1319999694824,0.0839999988675117,335,9,615,-0.569999992847443,208.580001831055,42.4099998474121,0.437908500432968
"species",131,131,592,10.1151666641235,26.8439998626709,-8.10400009155273,299,200,1000,-0.0500000007450581,27.8400001525879,155.940002441406,0.675163388252258
"species",132,132,754,9.42383289337158,25.8120002746582,-8.37199974060059,293,197,1003,0.00999999977648258,25.7700004577637,148.110000610352,0.651307165622711
"species",133,133,303,11.6451663970947,29.4440002441406,-7.48400020599365,277,185,937,-0.200000002980232,30.3099994659424,164.339996337891,0.633986949920654
"species",134,134,261,12.5367755889893,21.7086963653564,3.73043489456177,581,16,1099,0.119999997317791,135.220001220703,38.4799995422363,0.48562091588974
"species",135,135,34,14.6068334579468,27.4400005340576,-0.240000009536743,542,10,981,-0.200000002980232,174.559997558594,44.8199996948242,0.48562091588974
"species",136,136,114,14.9716663360596,28.0160007476807,0.0560000017285347,434,7,772,-0.349999994039536,192.270004272461,45.2099990844727,0.461437910795212
"species",137,137,200,15.4678335189819,29,0.695999979972839,388,7,690,-0.5,201.289993286133,43.060001373291,0.437581688165665
"species",138,138,718,13.9803333282471,30.0879993438721,-2.92400002479553,520,21,1069,-0.230000004172325,195.630004882812,40.9099998474121,0.453921556472778
"species",139,139,1697,8.79450035095215,23.8439998626709,-5.98400020599365,623,37,1266,0.180000007152557,158.179992675781,31.9099998474121,0.453921556472778
"species",140,140,659,10.2298336029053,27.1879997253418,-8.10799980163574,275,191,955,-0.100000001490116,29.1299991607666,154.399993896484,0.64934641122818
"species",141,141,462,11.3920001983643,29.011999130249,-7.48799991607666,273,180,922,-0.180000007152557,30.4899997711182,146.020004272461,0.626470565795898
"species",142,142,131,13.4829864501953,23.6124992370605,1.68333339691162,570,13,1047,-0.0700000002980232,143.210006713867,40.1599998474121,0.492483645677567
"species",143,143,23,15.0614995956421,27.6200008392334,0.148000001907349,453,8,807,-0.379999995231628,161.190002441406,42.189998626709,0.458169937133789
"species",144,144,175,15.2056665420532,27.8120002746582,0.0520000010728836,384,7,690,-0.46000000834465,166.710006713867,41.4199981689453,0.448692798614502
"species",145,145,522,14.8468332290649,31.1800003051758,-2.60400009155273,443,15,872,-0.419999986886978,202.679992675781,41.75,0.422875821590424
"species",146,146,879,9.61100006103516,25.7800006866455,-7.56799983978271,306,238,1129,0.100000001490116,27.8799991607666,144.960006713867,0.610130727291107
"species",147,147,391,12.1719999313354,30.1440010070801,-6.66799974441528,297,211,1036,-0.119999997317791,32.8400001525879,146.699996948242,0.601633965969086
"species",148,148,236,14.1911668777466,24.7479991912842,0.944000005722046,347,8,647,-0.419999986886978,145.220001220703,41.7999992370605,0.448692798614502
"species",149,149,403,15.3091669082642,28.6959991455078,0.572000026702881,321,9,602,-0.629999995231628,184.529998779297,41.9900016784668,0.448692798614502
"species",150,150,1,15.7651662826538,29.6160011291504,-1.04799997806549,143,6,282,-0.790000021457672,199.809997558594,60.4599990844727,0.427777767181396
"species",151,151,497,15.1944999694824,31.2999992370605,-1.52799999713898,362,12,730,-0.479999989271164,205.460006713867,43.4099998474121,0.422875821590424
"species",152,152,12,14.9811668395996,25.4400005340576,3.1800000667572,228,6,432,-0.620000004768372,140.669998168945,45.060001373291,0.454575151205063
"species",153,153,587,14.610333442688,28.0799999237061,1.09200000762939,388,10,732,-0.5,179.820007324219,43.5400009155273,0.454575151205063
"species",154,154,621,15.1494998931885,30.5200004577637,-0.467999994754791,352,10,673,-0.620000004768372,195.880004882812,42.9700012207031,0.437581688165665
"species",155,155,21,16.1848335266113,31.4599990844727,-2.03999996185303,141,5,276,-0.810000002384186,206.589996337891,44.2299995422363,0.420261442661285
"species",156,156,491,15.2681665420532,32.1040000915527,-2.38000011444092,338,9,678,-0.529999971389771,207.070007324219,43.9900016784668,0.416666656732559
"species",157,157,1679,9.78683376312256,24.7320003509521,-2.54399991035461,507,25,993,-0.0599999986588955,160.149993896484,45.5499992370605,0.452614367008209
"species",158,158,1761,9.80366706848145,25.9799995422363,-5.59600019454956,396,26,775,-0.280000001192093,160,45.9900016784668,0.452614367008209
"species",159,159,508,13.4495000839233,23.7759990692139,3.98799991607666,512,12,961,-0.109999999403954,142.279998779297,45.1100006103516,0.44967320561409
"species",160,160,569,13.8846664428711,25.5799999237061,2.18400001525879,416,11,785,-0.370000004768372,170.229995727539,46.1399993896484,0.44967320561409
"species",161,161,536,14.4906663894653,28.568000793457,0.412000000476837,303,8,579,-0.620000004768372,192.740005493164,46.4700012207031,0.442156851291656
"species",162,162,104,16.4704990386963,30.2679996490479,0.579999983310699,140,3,270,-0.810000002384186,193.720001220703,43.8400001525879,0.4281045794487
"species",163,163,110,16.7296657562256,33.552001953125,-2.25600004196167,158,3,318,-0.790000021457672,215.559997558594,62.8699989318848,0.404248356819153
"species",164,164,336,16.7688331604004,32.7799987792969,-0.635999977588654,271,7,528,-0.649999976158142,209.789993286133,60.9799995422363,0.411437898874283
"species",165,165,5,13.7674999237061,23.7159996032715,3.25600004196167,292,9,551,-0.629999995231628,123.440002441406,48.5200004577637,0.458823531866074
"species",166,166,497,13.7255001068115,26.8920001983643,0.663999974727631,278,8,535,-0.629999995231628,185.240005493164,62.7900009155273,0.449999988079071
"species",167,167,757,14.0441665649414,31.07200050354,-3.55999994277954,294,8,570,-0.649999976158142,203.320007324219,61.0400009155273,0.436601310968399
"species",168,168,1022,9.92783355712891,25.8320007324219,-6.55999994277954,340,263,1204,0.159999996423721,32.0499992370605,141.729995727539,0.603594779968262
"species",169,169,815,11.9715003967285,22.5200004577637,2.85199999809265,522,13,992,-0.270000010728836,145.309997558594,47.310001373291,0.458823531866074
"species",170,170,726,13.0629997253418,26.6760005950928,1.29200005531311,363,9,688,-0.519999980926514,175.720001220703,61.9000015258789,0.449999988079071
"species",171,171,438,15.1078329086304,31.0520000457764,-2.32400012016296,202,5,380,-0.75,206.639999389648,69.3000030517578,0.436601310968399
"species",172,172,1234,11.3321666717529,27.068000793457,-3.13199996948242,437,11,844,-0.400000005960464,187.559997558594,54.9199981689453,0.422222226858139
"species",173,173,155,17.2316665649414,33.2560005187988,-0.772000014781952,98,3,187,-0.879999995231628,215.619995117188,68.0100021362305,0.422222226858139
"species",174,174,1107,9.85016632080078,25.3680000305176,-6.26000022888184,355,278,1276,0.270000010728836,31.6499996185303,138.529998779297,0.614052295684814
"species",175,175,697,12.3606662750244,24.3120002746582,1.68799996376038,401,9,748,-0.519999980926514,161.639999389648,62.1500015258789,0.449019610881805
"species",176,176,518,14.011833190918,28.2560005187988,-1.28400003910065,281,5,509,-0.699999988079071,188.190002441406,67.5500030517578,0.441830068826675
"species",177,177,627,14.1231670379639,29.7320003509521,-2.91199994087219,256,5,470,-0.689999997615814,210.110000610352,66.879997253418,0.433333337306976
"species",178,178,394,16.1043338775635,33.2159996032715,-1.39999997615814,155,3,285,-0.810000002384186,222.25,68.3600006103516,0.433333337306976
"species",179,179,848,11.4530000686646,27.9160003662109,-5.62799978256226,351,270,1249,0.159999996423721,37.560001373291,149.830001831055,0.589869260787964
"species",180,180,736,11.9806661605835,28.1479988098145,-4.71600008010864,352,284,1281,0.159999996423721,38.1199989318848,153.919998168945,0.589869260787964
"species",181,181,470,13.378999710083,23.8400001525879,3.55200004577637,354,7,623,-0.689999997615814,160.419998168945,53.4000015258789,0.442810446023941
"species",182,182,242,15.1618328094482,30.5559997558594,-0.952000021934509,237,3,386,-0.759999990463257,201.009994506836,71.2600021362305,0.441830068826675
"species",183,183,489,15.3886661529541,31.8999996185303,-2.40000009536743,226,5,398,-0.720000028610229,213.729995727539,68.370002746582,0.441830068826675
"species",184,184,73,15.0790004730225,25.6319999694824,4.50799989700317,364,5,590,-0.550000011920929,143.050003051758,67.5999984741211,0.441830068826675
"species",185,185,221,15.0203332901001,26.8279991149902,3.35199999809265,270,2,458,-0.670000016689301,154.059997558594,70.25,0.447712421417236
"species",186,186,408,13.9993333816528,25.1560001373291,4.05999994277954,300,4,524,-0.529999971389771,132.779998779297,64.5299987792969,0.450326800346375
"species",187,187,430,14.5094995498657,26.9200000762939,3.52799987792969,294,3,499,-0.550000011920929,153.539993286133,66.3600006103516,0.448039203882217
"species",188,188,235,16.7994995117188,29.6200008392334,5.21199989318848,240,3,399,-0.639999985694885,150.929992675781,72.3099975585938,0.996078431606293
"species",189,189,230,17.8981666564941,31.6520004272461,5.70800018310547,220,4,385,-0.689999997615814,161.820007324219,74.8399963378906,0.455882340669632
"species",190,190,371,17.5866661071777,31.1720008850098,4.82399988174438,288,7,462,-0.629999995231628,177.970001220703,74.9000015258789,0.452287584543228
"species",191,191,20,18.3078327178955,29.7439994812012,7.4520001411438,218,6,345,-0.730000019073486,143.649993896484,73.879997253418,0.452287584543228
"species",192,192,114,18.1205005645752,30.4120006561279,6.81599998474121,232,6,374,-0.75,165.660003662109,78.4599990844727,0.452287584543228
"species",193,193,407,17.5935001373291,32.7360000610352,3.64400005340576,217,8,362,-0.769999980926514,189.550003051758,76.8000030517578,0.443464040756226
"species",194,194,438,17.8484992980957,35.4440002441406,0.547999978065491,185,11,318,-0.810000002384186,200.880004882812,78.1500015258789,0.424509793519974
"species",195,195,472,16.6105003356934,30.2679996490479,4.89599990844727,223,8,395,-0.680000007152557,162.520004272461,71.6399993896484,0.453267961740494
"species",196,196,341,17.6175003051758,33.7159996032715,2.91199994087219,180,9,326,-0.779999971389771,183.270004272461,77.7699966430664,0.431699335575104
"species",197,197,210,17.6790008544922,31.1079998016357,5.50799989700317,206,7,369,-0.730000019073486,158.130004882812,75.0100021362305,0.440196067094803
"species",198,198,825,15.752833366394,32.6399993896484,0.120000004768372,241,19,451,-0.620000004768372,176.029998779297,68.9800033569336,0.413398683071136
"species",199,199,85,18.1016654968262,29.3840007781982,7.69600009918213,176,6,301,-0.759999990463257,132.210006713867,72.5100021362305,0.440196067094803
"species",200,200,694,16.4463329315186,31.0240001678467,3.2039999961853,240,16,444,-0.680000007152557,188.449996948242,73.9000015258789,0.413398683071136
"species",201,201,290,17.9048328399658,32.2999992370605,4.65199995040894,155,8,276,-0.829999983310699,178.889999389648,78.2399978637695,0.421895414590836
"species",202,202,954,15.632999420166,31.6679992675781,0.0240000002086163,164,23,333,-0.740000009536743,179.130004882812,70.8499984741211,0.421895414590836
"species",203,203,352,16.9943332672119,29.988000869751,5.73600006103516,170,5,303,-0.759999990463257,156.009994506836,75.379997253418,0.419281035661697
"species",204,204,793,16.2211666107178,31.1200008392334,2.07200002670288,165,17,310,-0.759999990463257,170.330001831055,73.379997253418,0.419281035661697
"species",205,205,600,16.3365001678467,29.8640003204346,3.90799999237061,160,10,295,-0.779999971389771,158.910003662109,76.5999984741211,0.411437898874283
"species",206,206,271,16.1529998779297,27.7320003509521,6.08799982070923,158,7,276,-0.800000011920929,155.809997558594,83.5,0.411437898874283
"species",207,207,1357,19.9974994659424,30.3360004425049,8.67199993133545,445,55,877,-0.0799999982118607,119.379997253418,150.279998779297,0.597058832645416
"species",208,208,221,24.0954990386963,34.1240005493164,12.2799997329712,797,147,1819,0.0900000035762787,105.089996337891,168.559997558594,0.636928081512451
"species",209,209,100,24.267333984375,34.2999992370605,12.5,656,128,1466,-0.209999993443489,117.639999389648,162.580001831055,0.636928081512451
"species",210,210,0,26.0028343200684,33.7200012207031,17.423999786377,310,65,720,-0.620000004768372,121.680000305176,114.220001220703,0.576143801212311
"species",211,211,7,25.8776664733887,34.5999984741211,16.5279998779297,352,73,800,-0.529999971389771,139.089996337891,146.75,0.576143801212311
"species",212,212,8,25.8225002288818,34.5400009155273,16.3880004882812,404,75,891,-0.479999989271164,148.070007324219,157.460006713867,0.583333313465118
"species",213,213,8,25.8076667785645,34.4120025634766,16.5,541,109,1212,-0.400000005960464,151.509994506836,162.479995727539,0.590196073055267
"species",214,214,14,25.6733341217041,34.1599998474121,16.3039989471436,550,117,1233,-0.379999995231628,151.759994506836,162.630004882812,0.590196073055267
"species",215,215,17,25.5790004730225,33.9120025634766,16.1440010070801,414,117,1013,-0.389999985694885,149.089996337891,161.279998779297,0.589215695858002
"species",216,216,12,25.3318328857422,33.8279991149902,15.7440004348755,476,123,1164,-0.280000001192093,144.759994506836,159.419998168945,0.587581694126129
"species",217,217,15,25.1669998168945,33.1800003051758,16.2360000610352,503,133,1235,-0.28999999165535,139.460006713867,139.460006713867,0.590196073055267
"species",218,218,7,25.9631671905518,32.7960014343262,18.6959991455078,491,138,1220,-0.319999992847443,134.160003662109,115.629997253418,0.590196073055267
"species",219,219,538,21.958833694458,30.9839992523193,11.7480001449585,960,189,2025,-0.0399999991059303,119.220001220703,162.059997558594,0.636928081512451
"species",220,220,374,22.2106666564941,31.1319999694824,12.076000213623,871,182,1843,-0.0399999991059303,111.25,156.990005493164,0.657516360282898
"species",221,221,7,26.1380004882812,35.0519981384277,16.7000007629395,397,50,814,-0.490000009536743,135.740005493164,143.759994506836,0.56633985042572
"species",222,222,11,26.2285003662109,35.2120018005371,16.6960010528564,490,69,998,-0.389999985694885,144.020004272461,150.5,0.576143801212311
"species",223,223,17,25.744499206543,34.7200012207031,16.1000003814697,467,73,963,-0.419999986886978,128.779998779297,162.110000610352,0.576143801212311
"species",224,224,17,25.6923332214355,34.5,16.003999710083,486,77,1001,-0.419999986886978,161.190002441406,168.119995117188,0.583333313465118
"species",225,225,24,25.7356662750244,34.4480018615723,16.1000003814697,575,114,1255,-0.349999994039536,134.660003662109,168.539993286133,0.590196073055267
"species",226,226,26,25.7161674499512,34.431999206543,16,586,121,1304,-0.349999994039536,132.100006103516,165.460006713867,0.590196073055267
"species",227,227,21,25.7100009918213,34.2919998168945,16.2000007629395,465,123,1103,-0.340000003576279,152.429992675781,169.259994506836,0.589215695858002
"species",228,228,25,25.2796669006348,33.6599998474121,15.9879999160767,541,142,1270,-0.25,124.26000213623,143.179992675781,0.587581694126129
"species",229,229,20,25.2530002593994,33.1040000915527,16.5200004577637,541,143,1280,-0.25,119.25,139.220001220703,0.590196073055267
"species",230,230,604,20.9723339080811,28.6599998474121,12.1319999694824,1184,184,2321,0.280000001192093,113.639999389648,151.789993286133,0.657516360282898
"species",231,231,155,23.329833984375,32.6640014648438,12.9359998703003,619,141,1345,-0.00999999977648258,108.540000915527,154.220001220703,0.673202633857727
"species",232,232,21,25.6718330383301,35.2639999389648,15.5,546,83,1108,-0.469999998807907,134.550003051758,166.389999389648,0.583660125732422
"species",233,233,25,25.6410007476807,33.931999206543,16.3319988250732,485,130,1136,-0.370000004768372,113.190002441406,166.979995727539,0.589542508125305
"species",234,234,26,25.3603343963623,33.3840026855469,16.6319999694824,512,135,1199,-0.270000010728836,146.759994506836,141.990005493164,0.590196073055267
"species",235,235,10,25.806770324707,33.0999984741211,18.2000007629395,558,135,1299,-0.189999997615814,139.169998168945,137.490005493164,0.594117641448975
"species",236,236,2680,13.5220003128052,22.4720001220703,3.54399991035461,351,42,702,-0.360000014305115,85.6999969482422,106.519996643066,0.59183007478714
"species",237,237,438,21.7536659240723,29.8959999084473,12.2799997329712,993,183,2083,0.400000005960464,111.220001220703,148.960006713867,0.664379060268402
"species",238,238,190,23.3268337249756,32.1199989318848,13.2399997711182,748,205,1785,0.0399999991059303,107.449996948242,144.529998779297,0.664379060268402
"species",239,239,26,24.4168338775635,32.7840003967285,14.6000003814697,739,245,1783,-0.109999999403954,127.440002441406,149.460006713867,0.705555558204651
"species",240,240,17,25.720666885376,33.8440017700195,16.8239994049072,502,127,1173,-0.310000002384186,152.960006713867,147.100006103516,0.595424830913544
"species",241,241,11,25.8449993133545,33.1759986877441,18.2679996490479,496,129,1206,-0.280000001192093,145.860000610352,142.210006713867,0.996078431606293
"species",242,242,1055,19.2490005493164,26.7880001068115,10.5159997940063,774,222,1838,0.270000010728836,92.9000015258789,127.569999694824,0.705555558204651
"species",243,243,16,25.7980003356934,33.3479995727539,17.423999786377,517,130,1229,-0.280000001192093,151.570007324219,146.789993286133,0.595424830913544
"species",244,244,4,26.1446418762207,33.0380935668945,18.8476181030273,522,128,1260,-0.25,144.610000610352,141.610000610352,0.996078431606293
"species",245,245,1121,19.8461666107178,28.1840000152588,10.7119998931885,698,134,1514,0.180000007152557,100.26000213623,137.839996337891,0.714379072189331
"species",246,246,182,24.6991672515869,33.6440010070801,15.0080003738403,633,30,1003,-0.439999997615814,118.809997558594,161.5,0.659477114677429
"species",247,247,1169,19.8081665039062,28.9839992523193,9.87600040435791,799,121,1620,0.28999999165535,105.099998474121,139.389999389648,0.707843124866486
"species",248,248,259,24.7868328094482,34.023998260498,15.0839996337891,671,54,1148,-0.389999985694885,126.879997253418,164.820007324219,0.659477114677429
"species",249,249,172,25.1301670074463,34.2880020141602,15.467999458313,1066,103,1855,-0.159999996423721,127.180000305176,163.399993896484,0.649999976158142
"species",250,250,39,25.5556659698486,34.5519981384277,16.2159996032715,893,37,1383,-0.150000005960464,144.330001831055,147.949996948242,0.644444465637207
"species",251,251,95,25.9798336029053,35.3880004882812,16.0599994659424,633,77,1266,-0.319999992847443,164.429992675781,166.479995727539,0.596405208110809
"species",252,252,59,26.1828327178955,35.5120010375977,16.4839992523193,549,76,1120,-0.389999985694885,162.759994506836,165.759994506836,0.598039209842682
"species",253,253,185,25.3451671600342,34.0719985961914,15.8599996566772,459,74,1001,-0.370000004768372,156.009994506836,148.75,0.60065358877182
"species",254,254,68,25.6019992828369,34.2119979858398,16.3239994049072,1428,102,2427,0.310000002384186,108.589996337891,152.520004272461,0.649999976158142
"species",255,255,42,25.8320007324219,34.7999992370605,16.5799999237061,1002,66,1663,0.0399999991059303,145.399993896484,146.210006713867,0.644444465637207
"species",256,256,8,25.8096656799316,34.3479995727539,16.9400005340576,825,71,1502,-0.0199999995529652,140.710006713867,144.839996337891,0.644444465637207
"species",257,257,11,25.8778324127197,34.515998840332,16.8039989471436,796,70,1579,-0.0500000007450581,141.789993286133,133.699996948242,0.647058844566345
"species",258,258,450,24.492166519165,32.6399993896484,16.0319995880127,877,91,1874,0.28999999165535,130.690002441406,132.580001831055,0.645098030567169
"species",259,259,285,24.613166809082,32.2039985656738,16.3040008544922,906,116,2032,0.419999986886978,148.270004272461,134.529998779297,0.645098030567169
"species",260,260,65,26.2688331604004,35.5839996337891,16.492000579834,584,82,1225,-0.28999999165535,161.169998168945,150.279998779297,0.596405208110809
"species",261,261,173,25.6140003204346,34.7000007629395,15.8999996185303,547,85,1159,-0.300000011920929,155.910003662109,146.130004882812,0.598039209842682
"species",262,262,53,25.5149993896484,34.015998840332,16.431999206543,1677,178,3068,0.5,138.649993896484,142.929992675781,0.625163376331329
"species",263,263,69,26.0463333129883,35.2159996032715,16.4839992523193,1123,101,2038,0.119999997317791,143.509994506836,148.940002441406,0.625163376331329
"species",264,264,78,25.9078330993652,35.0359992980957,16.4599990844727,750,67,1425,-0.200000002980232,146.009994506836,148.619995117188,0.619607865810394
"species",265,265,35,25.7916660308838,34.6599998474121,16.5200004577637,802,61,1452,-0.150000005960464,146.429992675781,146.979995727539,0.616666674613953
"species",266,266,42,25.7811660766602,34.2200012207031,16.7719993591309,960,84,1856,0.140000000596046,141.470001220703,143.889999389648,0.616666674613953
"species",267,267,114,25.5661659240723,34.6840019226074,16.0520000457764,1420,154,2631,0.379999995231628,148.259994506836,153.740005493164,0.617973864078522
"species",268,268,85,25.5028324127197,34.5879974365234,16.1040000915527,1029,82,1746,0.0799999982118607,147.619995117188,152.690002441406,0.599673211574554
"species",269,269,67,25.2215003967285,34.2239990234375,16.0279998779297,1015,98,1793,0.0799999982118607,144.399993896484,148.539993286133,0.605555534362793
"species",270,270,21,25.6281661987305,34.1759986877441,16.492000579834,1218,147,2394,0.300000011920929,143.830001831055,146.149993896484,0.605555534362793
"species",271,271,173,25.232666015625,33.6879997253418,16.564001083374,1813,125,2812,0.239999994635582,142.860000610352,145.089996337891,0.605555534362793
"species",272,272,106,25.3096675872803,33.8199996948242,16.42799949646,1608,216,3153,0.509999990463257,143.389999389648,144.039993286133,0.605555534362793
"species",273,273,101,25.27516746521,33.6040000915527,16.3599987030029,1591,317,3687,0.569999992847443,164.339996337891,145.869995117188,0.61503267288208
"species",274,274,215,25.0170001983643,33.2999992370605,16.2600002288818,1206,266,2894,0.560000002384186,164.039993286133,136.229995727539,0.625163376331329
"species",275,275,284,25.1009998321533,33.5439987182617,16.4080009460449,1138,277,2746,0.379999995231628,147.410003662109,137.539993286133,0.628758192062378
"species",276,276,690,23.2110004425049,30.8959999084473,15.0279998779297,1094,330,2806,0.370000004768372,141.800003051758,133.550003051758,0.628758192062378
"species",277,277,1122,20.5946674346924,28.5240001678467,12.032000541687,906,234,2228,0.400000005960464,139.309997558594,130.649993896484,0.632352948188782
"species",278,278,1038,21.308500289917,28.6639995574951,13.2559995651245,986,251,2361,0.360000014305115,142.669998168945,134.470001220703,0.621241807937622
"species",279,279,745,22.6193332672119,30.4519996643066,14.0880002975464,1047,282,2540,0.270000010728836,147.770004272461,141.440002441406,0.621241807937622
"species",280,280,491,24.1926670074463,31.6599998474121,16.0359992980957,1036,256,2478,0.28999999165535,151.039993286133,144.649993896484,0.605882346630096
"species",281,281,201,26.0036659240723,34.3240013122559,17.1199989318848,1003,219,2354,0.259999990463257,153.380004882812,146.940002441406,0.585294127464294
"species",282,282,61,26.5935001373291,35.0439987182617,17.6160011291504,842,138,1934,0.0500000007450581,143.289993286133,135.190002441406,0.567320287227631
"species",283,283,73,26.2898330688477,34.515998840332,17.5,720,123,1692,0.00999999977648258,136.389999389648,128.539993286133,0.573202610015869
"species",284,284,333,24.345832824707,32.0480003356934,15.8759994506836,646,135,1649,-0.0500000007450581,130.369995117188,134.820007324219,0.578758180141449
"species",285,285,208,24.7818336486816,32.5400009155273,16.3199996948242,626,134,1626,-0.129999995231628,133.740005493164,135.759994506836,0.578758180141449
"species",286,286,99,25.8081665039062,33.3920021057129,17.3999996185303,638,138,1640,0.0199999995529652,132.479995727539,135.410003662109,0.581045746803284
"species",287,287,54,25.7251663208008,32.7840003967285,17.9680004119873,766,165,1926,0.349999994039536,126.580001831055,131.039993286133,0.573202610015869
"species",288,288,4,26.5850009918213,31.5699996948242,20.7000007629395,774,169,2006,0.360000014305115,120.949996948242,128.550003051758,0.573202610015869
"species",289,289,182,24.9888343811035,32.8959999084473,16.57200050354,1157,153,2343,0.300000011920929,143.910003662109,143.039993286133,0.587254881858826
"species",290,290,671,23.2656669616699,30.9879989624023,14.9440002441406,699,123,1567,0.170000001788139,141.440002441406,138.320007324219,0.616013050079346
"species",291,291,881,22.4389991760254,30.4120006561279,13.8479995727539,544,117,1296,-0.150000005960464,141.119995117188,139.009994506836,0.613071918487549
"species",292,292,614,23.7840003967285,32.0999984741211,14.9280004501343,657,108,1448,-0.28999999165535,150.940002441406,148.679992675781,0.62385618686676
"species",293,293,481,24.4313335418701,32.8600006103516,15.8640003204346,669,111,1503,-0.389999985694885,135.199996948242,153.509994506836,0.62385618686676
"species",294,294,1503,19.3726673126221,27.3479995727539,11.0920000076294,655,43,1221,0.0399999991059303,123.76000213623,141.779998779297,0.62058824300766
"species",295,295,1595,18.3276672363281,26.423999786377,9.53999996185303,739,77,1481,0.209999993443489,119.819999694824,134.169998168945,0.618300676345825
"species",296,296,1264,20.0979995727539,27.5279998779297,12.0199995040894,841,153,1890,0.230000004172325,126.110000610352,145.229995727539,0.618300676345825
"species",297,297,1081,20.8326663970947,28.2600002288818,12.7840003967285,882,192,2075,0.230000004172325,147.699996948242,148.350006103516,0.598366022109985
"species",298,298,1037,21.2196674346924,28.9839992523193,12.9519996643066,916,188,2158,0.370000004768372,145.270004272461,145.119995117188,0.577777802944183
"species",299,299,488,24.1025009155273,31.5559997558594,16.0599994659424,1093,191,2452,0.310000002384186,148.75,150.160003662109,0.550000011920929
"species",300,300,174,25.8309993743896,34.0400009155273,17.0880012512207,1260,192,2763,0.189999997615814,146.460006713867,137.779998779297,0.550000011920929
"species",301,301,172,26.1338329315186,34.5279998779297,17.3279991149902,1001,174,2356,0.140000000596046,138.130004882812,131.360000610352,0.542810440063477
"species",302,302,183,25.8430004119873,34.1360015869141,17.1400012969971,813,159,1998,0.119999997317791,128.649993896484,125.550003051758,0.553267955780029
"species",303,303,159,25.6998329162598,33.7639999389648,17.1520004272461,719,146,1791,0.0299999993294477,124.209999084473,122.290000915527,0.567647039890289
"species",304,304,158,25.5638332366943,33.3959999084473,17.003999710083,824,157,1955,-0.0299999993294477,128.199996948242,132.399993896484,0.567647039890289
"species",305,305,457,23.0873336791992,30.076000213623,15.4200000762939,817,177,2042,0.100000001490116,124.599998474121,107,0.570261418819427
"species",306,306,725,22.833833694458,29.7000007629395,15.3240003585815,723,188,1988,0.439999997615814,119.76000213623,102.809997558594,0.550326824188232
"species",307,307,22,26.1219997406006,32.3160018920898,19.0520000457764,873,192,2279,0.389999985694885,119.559997558594,120,0.550326824188232
"species",308,308,983,22.5971660614014,30.1240005493164,14.6040000915527,357,38,674,-0.28999999165535,112.620002746582,143.740005493164,0.593790829181671
"species",309,309,1037,22.6070003509521,31.1679992675781,14.0880002975464,549,19,964,-0.379999995231628,120.690002441406,155.740005493164,0.605228781700134
"species",310,310,2421,14.069167137146,22.3040008544922,5.0479998588562,562,55,1188,-0.0900000035762787,106.349998474121,117.449996948242,0.594117641448975
"species",311,311,741,22.9641666412354,30.7800006866455,14.503999710083,886,140,1976,0.430000007152557,154.589996337891,151.729995727539,0.53986930847168
"species",312,312,721,23.3838329315186,31.0839996337891,15.0679998397827,877,162,2086,0.46000000834465,148.75,146.259994506836,0.515032708644867
"species",313,313,233,25.3848323822021,32.8959999084473,17.3120002746582,1273,217,2883,0.259999990463257,147.190002441406,145.779998779297,0.515032708644867
"species",314,314,122,26.2596664428711,34.068000793457,17.8839988708496,1206,229,2850,0.150000005960464,138.360000610352,130.820007324219,0.510457515716553
"species",315,315,121,26.2430000305176,33.984001159668,17.8839988708496,1116,221,2666,0.180000007152557,130.300003051758,125.930000305176,0.526470601558685
"species",316,316,210,25.6093330383301,33.2840003967285,17.3559989929199,1128,218,2625,0.200000002980232,122.98999786377,120.040000915527,0.546732008457184
"species",317,317,410,23.7706661224365,30.8999996185303,16.1879997253418,1266,224,2760,0.239999994635582,120.75,120.040000915527,0.546732008457184
"species",318,318,700,23.1073341369629,29.7600002288818,15.8079996109009,1116,217,2571,0.419999986886978,120.059997558594,117.559997558594,0.533986926078796
"species",319,319,57,25.3911666870117,31.8400001525879,18.1879997253418,1045,186,2411,0.419999986886978,120.480003356934,126.160003662109,0.536601305007935
"species",320,320,1103,22.3563327789307,29.0599994659424,15.2200002670288,616,6,1029,-0.180000007152557,120.470001220703,143,0.576470613479614
"species",321,321,848,23.3369998931885,30.484001159668,15.8439998626709,630,19,1233,-0.400000005960464,130.389999389648,156.850006103516,0.567647039890289
"species",322,322,702,23.4611663818359,31,15.3800001144409,939,136,2099,0.400000005960464,158.940002441406,152.520004272461,0.550653576850891
"species",323,323,402,24.808500289917,31.6399993896484,17.42799949646,1074,183,2493,0.469999998807907,156.809997558594,152.220001220703,0.478104561567307
"species",324,324,181,25.8371658325195,32.939998626709,18.2320003509521,1293,256,3101,0.389999985694885,151.229995727539,148.179992675781,0.478104561567307
"species",325,325,140,26.4543342590332,33.9879989624023,18.435998916626,1393,305,3414,0.340000003576279,142.139999389648,132.869995117188,0.479411751031876
"species",326,326,159,26.1301670074463,33.5279998779297,18.2320003509521,1448,314,3450,0.340000003576279,133.520004272461,126.599998474121,0.502941191196442
"species",327,327,228,25.6014995574951,32.9000015258789,17.8120002746582,1527,299,3440,0.370000004768372,125.379997253418,131.020004272461,0.518627464771271
"species",328,328,383,24.2606658935547,31.2119998931885,16.8279991149902,1631,276,3415,0.430000007152557,120.620002746582,123.389999389648,0.518627464771271
"species",329,329,27,25.6191673278809,32.2239990234375,18.3400001525879,1730,252,3432,0.569999992847443,117.690002441406,123.819999694824,0.516993463039398
"species",330,330,853,23.6436672210693,30.7040004730225,16.1240005493164,1034,3,1699,0.0299999993294477,131.520004272461,151.690002441406,0.576470613479614
"species",331,331,679,24.6376667022705,32.6119995117188,16.8159999847412,802,32,1551,-0.379999995231628,148.830001831055,146.300003051758,0.561111092567444
"species",332,332,2852,11.3590002059937,19.2080001831055,2.83599996566772,690,70,1469,0.159999996423721,99.75,105.449996948242,0.550653576850891
"species",333,333,460,24.6511669158936,31.8920001983643,16.8039989471436,1298,246,3098,0.550000011920929,158.800003051758,152.509994506836,0.478104561567307
"species",334,334,199,25.9386672973633,32.7000007629395,18.6520004272461,1421,307,3454,0.490000009536743,155.309997558594,150.539993286133,0.478104561567307
"species",335,335,490,24.4764995574951,31.076000213623,17.2959995269775,1626,467,4342,0.610000014305115,142.429992675781,131.369995117188,0.479411751031876
"species",336,336,242,25.7963333129883,32.6800003051758,18.4160003662109,1633,379,3913,0.449999988079071,137.910003662109,135.139999389648,0.502941191196442
"species",337,337,183,26.1193332672119,33.2159996032715,18.7080001831055,1644,316,3595,0.419999986886978,131.699996948242,135.190002441406,0.518627464771271
"species",338,338,221,25.1071662902832,31.5160007476807,18.0200004577637,1604,280,3378,0.529999971389771,126.730003356934,130.229995727539,0.518627464771271
"species",339,339,119,25.3516674041748,31.6800003051758,18.3279991149902,1533,267,3244,0.620000004768372,123.470001220703,128.350006103516,0.516993463039398
"species",340,340,7,26.5461311340332,32.8785705566406,19.4642848968506,1087,270,2561,0.319999992847443,154.729995727539,111.069999694824,0.47287580370903
"species",341,341,532,24.3031673431396,30.4720001220703,17.5400009155273,507,176,1345,0.129999995231628,152.649993896484,102.849998474121,0.469934642314911
"species",342,342,11,27.1494998931885,33.3600006103516,20.6160011291504,654,172,1646,-0.0799999982118607,163.220001220703,111.430000305176,0.469934642314911
"species",343,343,22,26.9694995880127,32.7680015563965,20.6520004272461,831,240,2328,0.239999994635582,153.229995727539,105.800003051758,0.480718940496445
"species",344,344,19,26.8226661682129,32.5679969787598,20.564001083374,1088,283,3038,0.479999989271164,145.75,138.339996337891,0.485294103622437
"species",345,345,9,26.6807289123535,32.0750007629395,20.7291679382324,1025,273,2933,0.509999990463257,138.869995117188,130.419998168945,0.48725488781929
"species",346,346,1865,17.8234996795654,24.7360000610352,10.1719999313354,923,22,1755,0.100000001490116,112.559997558594,131.399993896484,0.552287578582764
"species",347,347,2729,12.5450000762939,20.0639991760254,4.45599985122681,654,24,1353,0.0399999991059303,92.879997253418,109.550003051758,0.552287578582764
"species",348,348,3528,7.99483346939087,15.7480001449585,-0.488000005483627,685,37,1445,0.409999996423721,81.9499969482422,83.9800033569336,0.522549033164978
"species",349,349,1845,17.1975002288818,24.4200000762939,9.23200035095215,1076,181,2367,0.219999998807907,118.029998779297,129.779998779297,0.501960813999176
"species",350,350,2302,14.6774997711182,21.1520004272461,7.73600006103516,846,171,1948,0.259999990463257,101.059997558594,112.019996643066,0.501960813999176
"species",351,351,1492,19.1246662139893,26.4559993743896,11.1599998474121,1000,286,2579,0.409999996423721,120.51000213623,110.949996948242,0.502614378929138
"species",352,352,1275,19.9559993743896,26.4080009460449,13.0159997940063,1331,329,3178,0.579999983310699,120.540000915527,118.129997253418,0.501634001731873
"species",353,353,1070,20.943000793457,26.6280002593994,14.7119998931885,1680,307,3572,0.639999985694885,124.470001220703,124.339996337891,0.488888889551163
"species",354,354,61,26.4198322296143,32.5200004577637,19.5279998779297,1077,216,2479,0.439999997615814,137.740005493164,137.669998168945,0.517973840236664
"species",355,355,171,25.695499420166,32.4959983825684,18.3920001983643,737,160,1831,0.0900000035762787,143.679992675781,145.880004882812,0.499346405267715
"species",356,356,967,21.6318340301514,28.5440006256104,14.5679998397827,696,146,1795,0.159999996423721,138.889999389648,135.850006103516,0.499346405267715
"species",357,357,38,26.9489994049072,33.8639984130859,19.6520004272461,502,131,1343,-0.200000002980232,146.940002441406,131.720001220703,0.45849671959877
"species",358,358,643,23.3986663818359,30.5399990081787,15.7840003967285,477,112,1221,-0.109999999403954,146.490005493164,134.429992675781,0.468954235315323
"species",359,359,787,22.7083339691162,29.6639995574951,15.539999961853,420,108,1121,-0.0199999995529652,144.289993286133,130.809997558594,0.449346393346786
"species",360,360,716,23.378999710083,30.4039993286133,15.996000289917,440,120,1202,-0.0399999991059303,147.729995727539,135.020004272461,0.449346393346786
"species",361,361,142,26.4421672821045,33.0799980163574,19.2999992370605,449,131,1196,-0.159999996423721,161.669998168945,134.570007324219,0.461437910795212
"species",362,362,869,22.6733322143555,29.0480003356934,15.8760004043579,451,109,1207,-0.0299999993294477,140.630004882812,128.199996948242,0.460130721330643
"species",363,363,698,23.5191669464111,30.0919990539551,16.5559997558594,466,146,1333,0.0500000007450581,141.039993286133,138.699996948242,0.460130721330643
"species",364,364,890,22.3010005950928,28.1480007171631,15.9040002822876,631,180,1759,0.239999994635582,131.360000610352,127.050003051758,0.461764693260193
"species",365,365,396,24.763500213623,30.8279991149902,18.2399997711182,886,283,2573,0.330000013113022,134.539993286133,132.600006103516,0.466013073921204
"species",366,366,65,26.2601661682129,31.9919986724854,20.068000793457,1024,286,2919,0.490000009536743,131.660003662109,130.130004882812,0.477450966835022
"species",367,367,797,23.7528324127197,30.5480003356934,16.4640007019043,1355,71,2855,0.579999983310699,129.429992675781,143.880004882812,0.509477138519287
"species",368,368,2813,12.2030000686646,19.07200050354,5.03200006484985,733,26,1571,0.200000002980232,88.3199996948242,102.519996643066,0.528104603290558
"species",369,369,2509,13.2294998168945,20.8120002746582,4.87200021743774,623,43,1362,-0.170000001788139,93.8899993896484,110.699996948242,0.489542484283447
"species",370,370,2035,16.1033325195312,22.7439994812012,8.9399995803833,819,105,1780,-0.0299999993294477,106.050003051758,116.349998474121,0.466339856386185
"species",371,371,1887,16.8363342285156,23.1399993896484,10.3159999847412,668,169,1681,0.349999994039536,100.779998779297,110.620002746582,0.43692809343338
"species",372,372,1896,17.0753326416016,23.2840003967285,10.539999961853,820,157,1831,0.529999971389771,105.199996948242,109.150001525879,0.494771242141724
"species",373,373,594,23.58766746521,30.3239994049072,16.4080009460449,787,112,1740,0.0299999993294477,149.979995727539,142.610000610352,0.522222220897675
"species",374,374,918,21.8759994506836,28.576000213623,14.9759998321533,717,112,1699,0.00999999977648258,148.919998168945,140.210006713867,0.502941191196442
"species",375,375,924,21.8321666717529,28.7639999389648,14.7559995651245,688,116,1657,0.0700000002980232,148.5,141.929992675781,0.502941191196442
"species",376,376,63,26.566333770752,34.3560028076172,18.4799995422363,648,107,1473,-0.100000001490116,164.179992675781,158.809997558594,0.470588237047195
"species",377,377,587,23.7450008392334,31.3640003204346,15.8199996948242,591,107,1369,-0.129999995231628,158.339996337891,149.979995727539,0.452287584543228
"species",378,378,623,23.8015003204346,31.5279998779297,15.7959995269775,472,76,1108,-0.330000013113022,136.160003662109,148.509994506836,0.482352942228317
"species",379,379,894,22.4763336181641,29.7239990234375,15.1319999694824,541,101,1333,-0.159999996423721,146.529998779297,140.309997558594,0.482352942228317
"species",380,380,848,22.849666595459,29.8439998626709,15.6599998474121,567,97,1379,-0.119999997317791,147.110000610352,130.509994506836,0.430065363645554
"species",381,381,763,23.1770000457764,30.0399990081787,16.003999710083,455,74,1158,-0.239999994635582,147.990005493164,132.479995727539,0.429084956645966
"species",382,382,643,23.6563339233398,30.3799991607666,16.6200008392334,533,114,1368,0.100000001490116,147.649993896484,140.320007324219,0.429084956645966
"species",383,383,762,23.0270004272461,29.1200008392334,16.492000579834,698,165,1793,0.25,138.919998168945,131.199996948242,0.445424824953079
"species",384,384,261,25.3993339538574,31.5879993438721,18.996000289917,912,250,2367,0.310000002384186,141.490005493164,135.179992675781,0.455882340669632
"species",385,385,65,26.1181659698486,31.92799949646,20.0559997558594,1047,267,2752,0.5,135.449996948242,127.690002441406,0.467973858118057
"species",386,386,2407,13.8313331604004,21.0240001678467,6.11600017547607,718,32,1584,0.100000001490116,93.5199966430664,108.620002746582,0.489542484283447
"species",387,387,2102,15.6695003509521,22.6399993896484,7.92399978637695,1113,64,2408,0,99.379997253418,115.919998168945,0.466339856386185
"species",388,388,1781,17.3541660308838,24.2880001068115,9.75600051879883,739,35,1463,-0.170000001788139,114.699996948242,121.379997253418,0.466339856386185
"species",389,389,1215,21.0763339996338,26.5200004577637,14.9759998321533,738,21,1444,-0.370000004768372,112.75,131.300003051758,0.458823531866074
"species",390,390,782,23.7963333129883,29.7919998168945,17.92799949646,550,11,1051,-0.5,128.679992675781,131.279998779297,0.43692809343338
"species",391,391,1148,20.5476665496826,27.0120010375977,13.8439998626709,698,85,1523,-0.0799999982118607,126,128.710006713867,0.522222220897675
"species",392,392,758,22.8618335723877,29.7080001831055,15.7679996490479,603,73,1367,-0.219999998807907,137.5,147.869995117188,0.502941191196442
"species",393,393,816,22.5335006713867,29.4080009460449,15.4840002059937,693,102,1577,-0.0199999995529652,134.339996337891,142.820007324219,0.502941191196442
"species",394,394,935,21.658332824707,28.7159996032715,14.6680002212524,775,124,1821,0.270000010728836,147.660003662109,137.919998168945,0.470588237047195
"species",395,395,1082,20.9758338928223,28.0839996337891,13.9399995803833,557,94,1364,0.0900000035762787,145.190002441406,133.350006103516,0.452287584543228
"species",396,396,669,23.4594993591309,30.992000579834,15.6520004272461,495,62,1154,-0.239999994635582,137.580001831055,138.740005493164,0.482352942228317
"species",397,397,864,22.558666229248,29.7919998168945,15.1160001754761,491,56,1159,-0.259999990463257,128.070007324219,127.970001220703,0.482352942228317
"species",398,398,710,23.3511657714844,30.4720001220703,16.0359992980957,481,74,1193,-0.270000010728836,149.669998168945,132.070007324219,0.430065363645554
"species",399,399,526,24.2888336181641,31.6319999694824,16.9559993743896,487,80,1192,-0.300000011920929,156.279998779297,146.559997558594,0.429084956645966
"species",400,400,331,25.2229995727539,32.439998626709,18.0599994659424,678,118,1525,-0.209999993443489,159.419998168945,151.699996948242,0.429084956645966
"species",401,401,299,25.2983341217041,31.9440002441406,18.42799949646,805,178,1911,0.0700000002980232,152.300003051758,144.160003662109,0.445424824953079
"species",402,402,270,25.2175006866455,31.3159999847412,18.9079990386963,935,221,2298,0.259999990463257,144.639999389648,135.740005493164,0.455882340669632
"species",403,403,818,23.2888336181641,29.2320003509521,16.996000289917,1420,64,2961,0.540000021457672,116.449996948242,122.129997253418,0.403594762086868
"species",404,404,1197,21.0806674957275,26.6840000152588,14.7399997711182,797,16,1596,0.0299999993294477,127.730003356934,129.770004272461,0.431699335575104
"species",405,405,1617,18.0100002288818,24.0639991760254,11.5200004577637,812,15,1567,0.189999997615814,98.9400024414062,121.75,0.415686279535294
"species",406,406,751,23.6940002441406,29.7119998931885,17.3559989929199,601,5,1131,-0.370000004768372,122.410003662109,143.300003051758,0.437254905700684
"species",407,407,1879,16.9050006866455,22.8999996185303,10.7159996032715,819,54,1604,0.400000005960464,88.2600021362305,110.029998779297,0.437254905700684
"species",408,408,1529,18.708833694458,25.0879993438721,12.0480003356934,740,73,1551,0.189999997615814,100.599998474121,123.330001831055,0.475163400173187
"species",409,409,1812,17.4461669921875,23.7479991912842,10.9919996261597,751,45,1578,0.159999996423721,110.860000610352,115.099998474121,0.480718940496445
"species",410,410,868,22.4116668701172,29.2239990234375,15.4399995803833,768,78,1667,-0.0399999991059303,133.369995117188,144.139999389648,0.490196079015732
"species",411,411,923,21.9848327636719,29.1599998474121,14.6120004653931,509,47,1158,-0.170000001788139,133.699996948242,135.679992675781,0.518627464771271
"species",412,412,895,22.1896667480469,29.492000579834,14.7159996032715,434,62,1073,-0.170000001788139,133.660003662109,133.389999389648,0.464379072189331
"species",413,413,1020,21.636833190918,28.511999130249,14.3800001144409,466,64,1128,-0.219999998807907,144.380004882812,123.709999084473,0.464379072189331
"species",414,414,824,23.2403335571289,30.2080001831055,15.8240003585815,441,72,1117,-0.270000010728836,148.800003051758,135.630004882812,0.431045740842819
"species",415,415,605,24.1264991760254,31.2439994812012,16.5639991760254,543,83,1286,-0.209999993443489,157.360000610352,146.25,0.423856198787689
"species",416,416,413,24.7391662597656,31.6200008392334,17.5120010375977,743,125,1701,-0.0900000035762787,159.839996337891,149.619995117188,0.423856198787689
"species",417,417,374,24.8026657104492,31.0599994659424,18.011999130249,859,159,1979,0.0900000035762787,152.869995117188,142.320007324219,0.441176474094391
"species",418,418,1175,20.6625003814697,26.488000869751,14.4160003662109,604,102,1514,0.109999999403954,139.929992675781,127.180000305176,0.446078419685364
"species",419,419,944,22.0195007324219,28.0160007476807,15.539999961853,726,118,1737,0.159999996423721,143.460006713867,131.539993286133,0.446078419685364
"species",420,420,799,22.1231670379639,27.3479995727539,16.8920001983643,1224,382,3634,0.660000026226044,137.919998168945,124.25,0.530065357685089
"species",421,421,48,26.0353336334229,31.4559993743896,20.8959999084473,1250,447,3720,0.610000014305115,142.169998168945,132.380004882812,0.580392181873322
"species",422,422,24,26.2313327789307,31.4160003662109,21.3959999084473,1203,466,3617,0.649999976158142,136.440002441406,110.400001525879,0.559803903102875
"species",423,423,1308,19.3613338470459,24.931999206543,13.6960000991821,1104,474,3385,0.449999988079071,114.76000213623,118.309997558594,0.539215683937073
"species",424,424,464,23.9518337249756,29.5359992980957,18.9360008239746,1083,523,3537,0.610000014305115,135.220001220703,111.800003051758,0.558169960975647
"species",425,425,11,26.3278331756592,31.5440006256104,21.5440006256104,1081,530,3481,0.5,140.619995117188,114.480003356934,0.558169960975647
"species",426,426,1696,17.2735004425049,23.0359992980957,11.5279998779297,1312,536,3841,0.759999990463257,107.379997253418,110.690002441406,0.549346387386322
"species",427,427,1414,18.775333404541,24.4720001220703,13.1800003051758,953,519,3145,0.579999983310699,113.23999786377,108.199996948242,0.549346387386322
"species",428,428,129,25.8216667175293,30.9839992523193,20.9720001220703,999,510,3129,0.400000005960464,129.850006103516,113.610000610352,0.557189524173737
"species",429,429,1418,18.6468334197998,24.4120006561279,12.9919996261597,1189,533,3681,0.519999980926514,115.5,107.569999694824,0.557189524173737
"species",430,430,39,25.7285003662109,30.4720001220703,20.8799991607666,901,438,2757,0.430000007152557,123.339996337891,124.370002746582,0.521241843700409
"species",431,431,474,24.1638336181641,29.1520004272461,19.7679996490479,1049,217,2990,0.560000002384186,116.76000213623,106.410003662109,0.57745099067688
"species",432,432,233,25.4446659088135,29.8839988708496,21.3799991607666,1048,218,2978,0.439999997615814,122.959999084473,109.389999389648,0.580392181873322
"species",433,433,217,25.5596656799316,29.8840007781982,21.3680000305176,1094,345,2942,0.400000005960464,120.309997558594,109.75,0.582352936267853
"species",434,434,1904,15.6960000991821,21.1200008392334,10.2919998168945,1343,87,2997,0.540000021457672,107.589996337891,104.900001525879,0.557189524173737
"species",435,435,62,26.429666519165,31.1240005493164,22.3640003204346,1156,291,3075,0.620000004768372,116.269996643066,105.839996337891,0.542483687400818
"species",436,436,39,26.5820007324219,30.9839992523193,22.8159999847412,938,86,2394,0.449999988079071,115.089996337891,114.980003356934,0.544771254062653
"species",437,437,148,26.0591659545898,30.3080005645752,21.7560005187988,969,77,2227,0.270000010728836,121.900001525879,112.230003356934,0.590522885322571
"species",438,438,74,26.3261661529541,30.3120002746582,22.4120006561279,875,160,2457,0.150000005960464,119.190002441406,113.190002441406,0.590522885322571
"species",439,439,423,23.8518333435059,28.8199996948242,19.1159992218018,1170,306,3273,0.479999989271164,134.339996337891,116.839996337891,0.519607841968536
"species",440,440,480,24.7250003814697,29.8719997406006,20.2759990692139,1067,71,2384,0.46000000834465,125.860000610352,120.059997558594,0.620261430740356
"species",441,441,68,26.3686676025391,30.7040004730225,22.2880001068115,984,82,2380,0.159999996423721,123.980003356934,114.059997558594,0.576143801212311
"species",442,442,92,25.966667175293,30.2000007629395,21.9440002441406,721,200,2163,0.28999999165535,119.029998779297,121.550003051758,0.588888883590698
"species",443,443,101,26.3514995574951,31.1880016326904,21.8519992828369,911,112,2308,0.389999985694885,131.550003051758,126.889999389648,0.691503286361694
"species",444,444,737,23.3040008544922,28.1040000915527,18.8719997406006,1054,115,2649,0.529999971389771,126.080001831055,111.800003051758,0.72450977563858
"species",445,445,116,25.7965908050537,30.2999992370605,21.5272731781006,1271,82,3251,0.620000004768372,134.360000610352,115.51000213623,0.670588254928589
"species",446,446,420,24.9909992218018,29.8199996948242,20.4519996643066,1206,125,3182,0.589999973773956,133.210006713867,117.300003051758,0.765686273574829
"species",447,447,276,25.7321662902832,30.5,21.1560001373291,1341,238,3517,0.639999985694885,136.240005493164,120.889999389648,0.765686273574829
"species",448,448,266,25.6773338317871,30.6119995117188,20.8759994506836,1753,1178,5795,0.740000009536743,138.580001831055,133.570007324219,0.827777802944183
"species",449,449,132,27.8553333282471,33.2840003967285,22.6000003814697,852,317,2504,0.280000001192093,150.169998168945,149.619995117188,0.617320239543915
"species",450,450,176,25.8108329772949,30.6720008850098,21.2320003509521,1945,1097,6209,0.75,135.820007324219,133.009994506836,0.827777802944183
"species",451,451,180,25.5890007019043,30.2800006866455,21.2639999389648,2092,1102,6523,0.769999980926514,130.520004272461,128.789993286133,0.826470613479614
"species",452,452,62,26.0088329315186,30.4759998321533,21.9479999542236,2202,1227,6955,0.790000021457672,126.150001525879,124.839996337891,0.800980389118195
"species",453,453,45,25.9204998016357,30.1919994354248,22.0879993438721,2214,1326,7039,0.790000021457672,121.150001525879,119.419998168945,0.757516324520111
"species",454,454,90,25.6459999084473,29.9160003662109,21.8559989929199,2224,1223,6845,0.800000011920929,121.379997253418,116.800003051758,0.757516324520111
"species",455,455,86,26.0909996032715,30.4400005340576,21.9200000762939,1762,1064,5776,0.720000028610229,128.509994506836,125.199996948242,0.757516324520111
"species",456,456,68,25.8554992675781,30.1400012969971,21.9400005340576,2111,1058,6252,0.810000002384186,121.910003662109,117.660003662109,0.706535935401917
"species",457,457,305,25.2180004119873,29.7360000610352,20.8600006103516,1405,853,4583,0.569999992847443,133.649993896484,129.910003662109,0.706535935401917
"species",458,458,50,26.1720008850098,30.8439998626709,21.8920001983643,1734,919,5430,0.769999980926514,129.990005493164,123.76000213623,0.708169937133789
"species",459,459,13,26.2843341827393,30.7759990692139,22.1960010528564,1705,796,5158,0.790000021457672,131.490005493164,122.040000915527,0.718627452850342
"species",460,460,140,25.8939990997314,30.5559997558594,21.5279998779297,1462,828,4574,0.769999980926514,137.350006103516,130.470001220703,0.741830050945282
"species",461,461,89,26.128833770752,30.8080005645752,21.8120002746582,1811,1119,5950,0.800000011920929,135.759994506836,126.519996643066,0.718627452850342
"species",462,462,530,24.3388328552246,29.5599994659424,19.2360000610352,1141,841,4027,0.629999995231628,140.919998168945,126.029998779297,0.739215672016144
"species",463,463,338,24.7080001831055,29.8880004882812,19.4440002441406,1103,722,3553,0.550000011920929,138.539993286133,126.959999084473,0.808169960975647
"species",464,464,295,24.8021659851074,29.8759994506836,19.576000213623,1114,703,3574,0.550000011920929,139.800003051758,125.309997558594,0.810457527637482
"species",465,465,285,24.7275009155273,29.6400012969971,19.6200008392334,1088,713,3509,0.509999990463257,133.210006713867,125.650001525879,0.811111092567444
"species",466,466,266,24.9438323974609,30.0839996337891,19.5920009613037,1069,705,3499,0.519999980926514,132.520004272461,125.029998779297,0.811111092567444
"species",467,467,250,25.0911674499512,30.3920001983643,19.503999710083,1030,640,3355,0.5,141.509994506836,124.690002441406,0.807189524173737
"species",468,468,257,25.1136665344238,30.4440002441406,19.4400005340576,1034,571,3272,0.469999998807907,142.039993286133,119.839996337891,0.802287578582764
"species",469,469,624,22.9220008850098,27.9640007019043,17.6480007171631,1292,729,4017,0.569999992847443,136.309997558594,122.290000915527,0.816013097763062
"species",470,470,301,24.6116676330566,29.5520000457764,19.4200000762939,1164,734,3766,0.490000009536743,141.119995117188,124.940002441406,0.811111092567444
"species",471,471,290,24.8188323974609,29.931999206543,19.4160003662109,1100,694,3590,0.5,141.210006713867,124.610000610352,0.811111092567444
"species",472,472,234,25.1451663970947,30.3999996185303,19.5,1020,632,3337,0.469999998807907,142.279998779297,124.970001220703,0.807189524173737
"species",473,473,233,25.220832824707,30.568000793457,19.4559993743896,990,560,3156,0.449999988079071,142.880004882812,119.540000915527,0.802287578582764
"species",474,474,18,26.6341667175293,31.064001083374,22.4039993286133,1460,97,2834,0.430000007152557,143.210006713867,123.930000305176,0.736274480819702
"species",475,475,18,26.4776668548584,30.9759998321533,22.2479991912842,1377,74,2690,0.430000007152557,149.179992675781,123,0.737581670284271
"species",476,476,343,24.4423332214355,29.4519996643066,19.0960006713867,1229,752,3984,0.5,141.050003051758,124.769996643066,0.807843148708344
"species",477,477,296,24.792667388916,29.9160003662109,19.3080005645752,1133,701,3702,0.490000009536743,142.449996948242,124.730003356934,0.807843148708344
"species",478,478,315,24.7961673736572,30.068000793457,19.1200008392334,1078,636,3479,0.479999989271164,142.669998168945,124.300003051758,0.802941203117371
"species",479,479,13,26.5961666107178,31.2880001068115,22.3599987030029,1393,161,2771,0.340000003576279,143.5,129.600006103516,0.739869296550751
"species",480,480,38,26.3728332519531,31.9759998321533,21.2280006408691,1334,137,2639,0.360000014305115,147.270004272461,127.709999084473,0.740522861480713
"species",481,481,48,26.2368335723877,32.2439994812012,20.6359996795654,1274,101,2521,0.360000014305115,151.759994506836,125.110000610352,0.746078431606293
"species",482,482,36,26.1720008850098,32.2719993591309,20.3999996185303,1256,71,2464,0.349999994039536,156.550003051758,122.75,0.746078431606293
"species",483,483,27,26.2213325500488,32.4160003662109,20.3360004425049,1262,44,2466,0.349999994039536,157.600006103516,123.309997558594,0.740196049213409
"species",484,484,18,26.3535003662109,31.0839996337891,22,1227,248,2607,0.319999992847443,149.880004882812,134.75,0.744771242141724
"species",485,485,19,26.2948341369629,31.7519989013672,21.2399997711182,1200,181,2446,0.310000002384186,151.619995117188,132.050003051758,0.743464052677155
"species",486,486,47,26.166166305542,32.2280006408691,20.5,1163,133,2346,0.28999999165535,154.449996948242,128.380004882812,0.745751619338989
"species",487,487,71,25.9303340911865,32.0959968566895,20.0920009613037,1157,100,2318,0.300000011920929,155.970001220703,126.569999694824,0.745751619338989
"species",488,488,38,26.0851669311523,32.3840026855469,20.07200050354,1123,79,2269,0.28999999165535,156.740005493164,126.139999389648,0.742483675479889
"species",489,489,20,26.2376670837402,32.4160003662109,20.3239994049072,1077,72,2227,0.259999990463257,153.490005493164,125.639999389648,0.739869296550751
"species",490,490,51,26.1023330688477,32.1879997253418,20.3599987030029,1090,132,2205,0.259999990463257,156.020004272461,130.050003051758,0.746078431606293
"species",491,491,73,25.9358329772949,32.2519989013672,19.9519996643066,1057,115,2197,0.259999990463257,155.139999389648,128.350006103516,0.746078431606293
"species",492,492,39,26.111665725708,32.3199996948242,20.1760005950928,1051,114,2255,0.259999990463257,152.919998168945,128.100006103516,0.739869296550751
