"species","x","y","alt","wc2.0_bio_2.5m_1","wc2.0_bio_2.5m_5","wc2.0_bio_2.5m_6","wc2.0_bio_2.5m_16","wc2.0_bio_2.5m_17","current_2.5arcmin_climaticMoistureIndex","current_2.5arcmin_PETDriestQuarter","current_2.5arcmin_PETWettestQuarter","Cropped_Cloud"
"species",1,1,213,8.06216621398926,16.503999710083,0.611999988555908,1024,325,0.800000011920929,75.7300033569336,11.2399997711182,206.904495239258
"species",2,2,367,7.53350019454956,16.7040004730225,-2.40400004386902,1059,328,0.769999980926514,80.9899978637695,10.5100002288818,202.359710693359
"species",3,3,32,8.61354160308838,17.2749996185303,-0.625,883,223,0.709999978542328,90.7699966430664,17.5,199.015853881836
"species",4,4,228,8.12783336639404,17.011999130249,-0.671999990940094,1185,300,0.769999980926514,87.6500015258789,11.5299997329712,199.569641113281
"species",5,5,209,8.03974342346191,17.1538467407227,-1.03076922893524,1296,269,0.740000009536743,91.5,11.2700004577637,199.089981079102
"species",6,6,701,5.84483337402344,15.4919996261597,-4.26000022888184,1102,292,0.740000009536743,84.6399993896484,10.2200002670288,198.112731933594
"species",7,7,1005,4.85500001907349,14.9800004959106,-4.65199995040894,1011,281,0.730000019073486,85.0599975585938,9.97000026702881,193.528396606445
"species",8,8,1194,3.82683324813843,13.8559999465942,-5.25600004196167,889,257,0.709999978542328,87.6900024414062,9.90999984741211,189.229522705078
"species",9,9,312,7.31884908676147,16.7190475463867,-2.46666669845581,943,226,0.670000016689301,100.370002746582,16.9699993133545,185.32502746582
"species",10,10,267,8.19943237304688,17.6636371612549,-0.977272748947144,1451,302,0.759999990463257,87.0800018310547,11.5200004577637,187.496215820312
"species",11,11,579,6.49633312225342,16.5359992980957,-3.65599989891052,1335,305,0.759999990463257,86.3000030517578,11.1499996185303,197.22119140625
"species",12,12,384,7.4598331451416,17.7280006408691,-4.72800016403198,1319,277,0.740000009536743,92.620002746582,11.3699998855591,191.638061523438
"species",13,13,969,4.97316694259644,15.5279998779297,-6.70800018310547,933,218,0.709999978542328,93.620002746582,11.0600004196167,193.385131835938
"species",14,14,298,8.1254997253418,19.0399990081787,-4.77199983596802,880,179,0.649999976158142,108.699996948242,11.9200000762939,180.02458190918
"species",15,15,38,9.45833301544189,19.4500007629395,-1.6875,701,146,0.519999980926514,120.23999786377,12.7299995422363,169.672409057617
"species",16,16,272,8.32016658782959,17.7199993133545,-0.939999997615814,1503,333,0.790000021457672,84.4300003051758,12.5299997329712,179.259216308594
"species",17,17,221,8.25318622589111,17.970588684082,-1.25882351398468,1428,296,0.779999971389771,89.8899993896484,12.710000038147,182.794448852539
"species",18,18,1133,4.49216651916504,14.9040002822876,-4.78399991989136,1080,239,0.759999990463257,88.25,11.5299997329712,187.597122192383
"species",19,19,820,5.66916656494141,16.3959999084473,-5.7960000038147,976,185,0.709999978542328,100.029998779297,12.2399997711182,194.607269287109
"species",20,20,985,5.28783321380615,16.3840007781982,-5.56799983978271,839,176,0.670000016689301,102.980003356934,11.9499998092651,188.591766357422
"species",21,21,404,7.8361668586731,17.064001083374,-0.736000001430511,1314,264,0.790000021457672,92.3499984741211,13.9300003051758,179.421829223633
"species",22,22,782,5.83316659927368,16.3479995727539,-3.69199991226196,1183,231,0.759999990463257,95.1699981689453,13.0900001525879,192.440856933594
"species",23,23,686,6.51183319091797,17.2679996490479,-3.98000001907349,1083,188,0.709999978542328,103.779998779297,12.9899997711182,184.205291748047
"species",24,24,44,9.43599987030029,20.4759998321533,-3.03999996185303,965,133,0.579999983310699,129.710006713867,12.9399995803833,182.362747192383
"species",25,25,249,8.63983345031738,19.6040000915527,-3.58800005912781,684,122,0.540000021457672,120.389999389648,12.8800001144409,173.938598632812
"species",26,26,483,7.46666669845581,17.8159999847412,-2.72000002861023,1238,208,0.720000028610229,104.580001831055,13.1800003051758,179.192199707031
"species",27,27,541,7.35416650772095,18.5400009155273,-4.64799976348877,1145,179,0.670000016689301,112.290000915527,12.9499998092651,186.510177612305
"species",28,28,737,6.62583351135254,18.0160007476807,-5.05599975585938,980,161,0.629999995231628,112.349998474121,12.6499996185303,187.575393676758
"species",29,29,76,9.69349956512451,20.2199993133545,-1.64800000190735,647,95,0.360000014305115,123.160003662109,14.8400001525879,171.877029418945
"species",30,30,77,9.93574523925781,19.1842098236084,0.147368416190147,425,83,0.270000010728836,118.300003051758,15,159.906341552734
"species",31,31,836,5.93083333969116,16.7040004730225,-4.38000011444092,1146,192,0.689999997615814,109,12.8299999237061,178.003067016602
"species",32,32,399,8.21616649627686,19.3439998626709,-3.75999999046326,798,123,0.519999980926514,112.860000610352,13.8500003814697,175.379013061523
"species",33,33,38,10.2615737915039,20.466667175293,-0.611111104488373,380,69,0.119999997317791,110.449996948242,14.9200000762939,160.583145141602
"species",34,34,382,9.12433338165283,18.6599998474121,-0.216000005602837,1156,164,0.680000007152557,118.309997558594,20.75,166.778228759766
"species",35,35,619,8.44533348083496,18.9839992523193,-2.93199992179871,1147,158,0.670000016689301,126.940002441406,19.2099990844727,165.438293457031
"species",36,36,53,11.6490001678467,23.9519996643066,-2.03999996185303,529,72,0.0199999995529652,152.720001220703,20.7800006866455,161.717849731445
"species",37,37,292,10.173999786377,21.8680000305176,-3.63599991798401,882,166,0.560000002384186,142.160003662109,18.7900009155273,165.460662841797
"species",38,38,984,6.71716690063477,18.7280006408691,-6.70800018310547,982,149,0.639999985694885,127.059997558594,15.4399995803833,156.221221923828
"species",39,39,430,8.96383285522461,18.2639999389648,-0.744000017642975,1294,163,0.689999997615814,127.949996948242,20.9899997711182,160.656112670898
"species",40,40,173,10.7896671295166,22.5599994659424,-1.7960000038147,732,78,0.370000004768372,153.990005493164,21.6000003814697,157.644027709961
"species",41,41,102,11.1995000839233,23.3999996185303,-2.63199996948242,580,98,0.239999994635582,150.440002441406,21.2199993133545,155.839965820312
"species",42,42,918,7.91050004959106,17.4559993743896,-2.80800008773804,1095,173,0.680000007152557,125.470001220703,16.8099994659424,159.716003417969
"species",43,43,1279,5.52349996566772,17.1399993896484,-7.8600001335144,1022,159,0.670000016689301,119.129997253418,15.1499996185303,156.268035888672
"species",44,44,350,9.86849975585938,19.7360000610352,-0.824000000953674,1340,155,0.660000026226044,136.520004272461,21.7399997711182,157.731842041016
"species",45,45,79,11.2483329772949,23.6160011291504,-1.932000041008,714,74,0.239999994635582,158.369995117188,22.1200008392334,148.092376708984
"species",46,46,274,10.581166267395,22.6040000915527,-2.92799997329712,743,121,0.430000007152557,135.470001220703,21.2900009155273,152.319931030273
"species",47,47,1192,7.12249994277954,16.8040008544922,-3.87999987602234,1114,161,0.680000007152557,125.629997253418,16.0499992370605,155.045425415039
"species",48,48,1393,5.43900012969971,17.003999710083,-7.44000005722046,918,145,0.610000014305115,127.349998474121,15.3500003814697,148.742630004883
"species",49,49,238,10.3106670379639,20.1720008850098,-0.372000008821487,1145,119,0.569999992847443,137.289993286133,22.7000007629395,152.19873046875
"species",50,50,153,11.2613334655762,23.5240001678467,-1.91999995708466,729,84,0.170000001788139,153.169998168945,21.7900009155273,148.212493896484
"species",51,51,131,11.4543333053589,23.8999996185303,-2.36800003051758,566,87,0.140000000596046,156.570007324219,21.9699993133545,149.25569152832
"species",52,52,343,10.5994997024536,22.4559993743896,-2.98000001907349,753,125,0.419999986886978,140.100006103516,21.4799995422363,150.946502685547
"species",53,53,769,9.05700016021729,20.3360004425049,-3.2720000743866,894,126,0.560000002384186,149.490005493164,18.3199996948242,146.468688964844
"species",54,54,1458,5.04133319854736,19.0279998779297,-10.0839996337891,862,134,0.560000002384186,133.770004272461,15.5299997329712,155.127593994141
"species",55,55,31,11.3546667098999,20.2080001831055,1.39199995994568,913,112,0.560000002384186,119.839996337891,24.8199996948242,161.615600585938
"species",56,56,248,10.6413335800171,20.6319999694824,-0.76800000667572,945,104,0.479999989271164,140.529998779297,23.1700000762939,145.319305419922
"species",57,57,187,11.2714996337891,23.4720001220703,-2.18799996376038,735,85,0.200000002980232,154.559997558594,22.7900009155273,143.597366333008
"species",58,58,177,11.7360000610352,24.507999420166,-2.57599997520447,602,88,0.180000007152557,155.850006103516,22.6800003051758,142.341003417969
"species",59,59,613,10.0508337020874,21.0960006713867,-2.23199987411499,800,125,0.430000007152557,152.070007324219,20.9699993133545,136.44709777832
"species",60,60,1018,7.75899982452393,19.1840000152588,-4.68400001525879,756,114,0.430000007152557,152.210006713867,18.7999992370605,133.648315429688
"species",61,61,1713,4.09899997711182,16.0480003356934,-7.73199987411499,674,112,0.430000007152557,121.589996337891,16.2900009155273,145.370361328125
"species",62,62,97,11.0941667556763,19.9120006561279,1.7039999961853,839,95,0.509999990463257,119.690002441406,25.25,154.673156738281
"species",63,63,129,11.4861669540405,22.8959999084473,-1.23600006103516,743,81,0.330000013113022,150.820007324219,24.3199996948242,141.767593383789
"species",64,64,213,11.6774997711182,23.9039993286133,-2.25200009346008,657,75,0.189999997615814,161.179992675781,23.9200000762939,136.731292724609
"species",65,65,752,9.73799991607666,20.0520000457764,-1.71200001239777,856,112,0.419999986886978,148.75,21.1100006103516,134.428787231445
"species",66,66,1138,8.20833301544189,17.6520004272461,-2.65199995040894,849,115,0.46000000834465,147.169998168945,19.1499996185303,131.220993041992
"species",67,67,1128,7.8328332901001,19.1879997253418,-4.77600002288818,628,96,0.270000010728836,156.960006713867,19.6800003051758,128.01091003418
"species",68,68,317,10.7131662368774,19.2600002288818,1.82799994945526,837,84,0.469999998807907,125.23999786377,26.1000003814697,133.163986206055
"species",69,69,468,10.5989999771118,20.4759998321533,-0.228000000119209,758,76,0.340000003576279,147.639999389648,24.8099994659424,132.337997436523
"species",70,70,219,12.2823333740234,25.1800003051758,-2.51200008392334,513,61,-0.100000001490116,170.740005493164,26.0699996948242,132.532165527344
"species",71,71,786,10.1413335800171,21.2759990692139,-2.05200004577637,760,94,0.300000011920929,157.990005493164,21.8500003814697,125.676712036133
"species",72,72,802,9.70716667175293,22.3400001525879,-4.46399974822998,653,87,0.209999993443489,166.559997558594,21.3999996185303,118.457458496094
"species",73,73,1454,5.90199995040894,19.2480010986328,-8.30799961090088,621,83,0.25,151.960006713867,19.1499996185303,127.855422973633
"species",74,74,29,11.5091667175293,19.7959995269775,3.65599989891052,892,91,0.550000011920929,110.180000305176,28.9899997711182,143.807022094727
"species",75,75,251,11.4619998931885,21.9440002441406,0.763999998569489,815,68,0.400000005960464,139.240005493164,28.2000007629395,125.253936767578
"species",76,76,659,10.300666809082,21.2560005187988,-1.567999958992,774,69,0.280000001192093,150.860000610352,24.6000003814697,127.086479187012
"species",77,77,578,11.4836664199829,23.7600002288818,-2.25600004196167,576,63,-0.0299999993294477,165.800003051758,24.5799999237061,122.858726501465
"species",78,78,676,10.8161668777466,23.3080005645752,-2.64000010490417,550,70,-0.0500000007450581,169.929992675781,23.7999992370605,118.287902832031
"species",79,79,1583,7.12949991226196,17.488000869751,-3.90400004386902,756,91,0.370000004768372,139.919998168945,19,115.064811706543
"species",80,80,642,11.0088329315186,22.2320003509521,-0.224000006914139,975,74,0.46000000834465,136.639999389648,25.7999992370605,107.989181518555
"species",81,81,1071,9.41450023651123,20.7840003967285,-2.57200002670288,890,76,0.28999999165535,143.429992675781,22.9799995422363,111.31177520752
"species",82,82,518,11.7383337020874,25.3039989471436,-3.70799994468689,504,46,-0.230000004172325,178.449996948242,24.9599990844727,106.457641601562
"species",83,83,545,11.6370000839233,25.7439994812012,-4.21199989318848,352,48,-0.419999986886978,180.970001220703,25.3400001525879,101.589859008789
"species",84,84,972,10.1771669387817,24.3600006103516,-5.07200002670288,430,62,-0.189999997615814,169.850006103516,24.0499992370605,99.5469284057617
"species",85,85,439,11.9680004119873,22.6240005493164,0.639999985694885,1016,68,0.5,137.940002441406,27.4200000762939,104.536346435547
"species",86,86,830,10.8553333282471,23.8040008544922,-3.89199995994568,840,58,0.25,160.5,24.9799995422363,108.631942749023
"species",87,87,1069,8.66583347320557,19.2679996490479,-0.935999989509583,633,58,-0.0900000035762787,163.699996948242,24.0799999237061,100.168251037598
"species",88,88,755,11.2679996490479,25.9519996643066,-4.37199974060059,354,46,-0.46000000834465,182.869995117188,26.4300003051758,96.2714233398438
"species",89,89,720,11.1354999542236,25.923999786377,-4.79199981689453,251,47,-0.529999971389771,167.919998168945,27.1399993896484,101.570541381836
"species",90,90,185,11.5296669006348,20.431999206543,3.13199996948242,1026,73,0.560000002384186,121.910003662109,29.9500007629395,126.583702087402
"species",91,91,1157,8.97900009155273,19.6000003814697,-0.800000011920929,835,64,0.28999999165535,148.440002441406,25.0100002288818,99.6189193725586
"species",92,92,549,11.863166809082,26.7199993133545,-5.47200012207031,598,39,-0.0700000002980232,194.830001831055,28.2199993133545,93.3457565307617
"species",93,93,981,9.57600021362305,21.3080005645752,-1.3840000629425,799,55,0.280000001192093,155.350006103516,27.2000007629395,97.8139038085938
"species",94,94,1027,10.0418329238892,23.488000869751,-3.85199999809265,587,49,-0.0599999986588955,173.979995727539,27.4699993133545,92.1568298339844
"species",95,95,779,10.7496671676636,23.2560005187988,-1.74800002574921,743,45,0.25,160.529998779297,29,87.9958877563477
"species",96,96,853,11.0251665115356,25.3439998626709,-4.5959997177124,585,42,-0.0700000002980232,184.839996337891,29.6200008392334,89.8209075927734
"species",97,97,357,10.9331665039062,19.2360000610352,3.14000010490417,759,37,0.419999986886978,121.459999084473,30.75,122.486122131348
"species",98,98,742,11.006667137146,23.1040000915527,-0.504000008106232,774,39,0.280000001192093,163.270004272461,29.7800006866455,94.2080535888672
"species",99,99,854,11.1156663894653,25.6159992218018,-4.52799987792969,615,35,-0.0500000007450581,185.669998168945,29.8999996185303,77.2625885009766
"species",100,100,478,11.6850004196167,22.2119998931885,0.204000011086464,984,34,0.5,131.869995117188,30.8299999237061,87.906379699707
"species",101,101,219,12.9511661529541,25.3519992828369,-1.29999995231628,761,25,0.219999998807907,171.399993896484,31.4799995422363,80.4587860107422
"species",102,102,453,11.7919998168945,23.2479991912842,-0.540000021457672,914,29,0.330000013113022,166.880004882812,32.3699989318848,69.0451736450195
"species",103,103,98,11.9328336715698,21.2439994812012,2.07999992370605,598,24,0.119999997317791,136.770004272461,36.2099990844727,94.2986145019531
"species",104,104,757,11.515832901001,24.1159992218018,-1.92399990558624,742,24,0.100000001490116,177.270004272461,35.9700012207031,61.9584465026855
"species",105,105,1307,9.57033348083496,23.0520000457764,-3.68400001525879,773,34,0.150000005960464,166.160003662109,32.2799987792969,72.0115356445312
"species",106,106,518,14.1579999923706,29.6520004272461,-1.23199999332428,379,15,-0.5,201.990005493164,41.6500015258789,67.1663208007812
"species",107,107,42,16.1493339538574,31.3759994506836,-0.680000007152557,253,12,-0.660000026226044,200.860000610352,41,65.0484085083008
"species",108,108,583,12.0915002822876,23.5520000457764,0.412000000476837,682,18,0.0799999982118607,167.419998168945,37.6300010681152,60.1447448730469
"species",109,109,541,13.5565004348755,28.8439998626709,-1.85599994659424,510,14,-0.25,198.529998779297,39.2299995422363,54.8382797241211
"species",110,110,755,13.1056671142578,28.1720008850098,-1.66799998283386,500,16,-0.330000013113022,193.270004272461,39.9700012207031,58.6608352661133
"species",111,111,285,12.7180004119873,23.1520004272461,1.26800000667572,590,16,0.0700000002980232,144.309997558594,38.5999984741211,56.7616806030273
"species",112,112,127,15.1311664581299,28.3519992828369,-0.208000004291534,538,11,-0.200000002980232,189.190002441406,42.0099983215332,53.049633026123
"species",113,113,351,14.4661664962769,29.9519996643066,-1.33599996566772,556,9,-0.280000001192093,201.259994506836,43.2799987792969,52.4231033325195
"species",114,114,512,14.7883329391479,29.7399997711182,-0.096000000834465,458,11,-0.400000005960464,198.300003051758,40.2799987792969,53.9726829528809
"species",115,115,1462,9.95483303070068,25.5319995880127,-6.30000019073486,585,37,0.0700000002980232,168.389999389648,34.4099998474121,75.1417770385742
"species",116,116,262,13.0848331451416,23.4080009460449,1.25199997425079,604,13,0.100000001490116,155.559997558594,39.9199981689453,54.4320182800293
"species",117,117,283,14.1393337249756,26.7560005187988,-0.480000019073486,543,9,-0.180000007152557,176.979995727539,42.4900016784668,55.2652969360352
"species",118,118,440,14.4061670303345,27.6399993896484,-0.395999997854233,505,9,-0.330000013113022,184.460006713867,40,51.479549407959
"species",119,119,527,14.7433338165283,30.4400005340576,-2.28799986839294,465,17,-0.370000004768372,201.339996337891,41.689998626709,55.2612533569336
"species",120,120,45,12.6759805679321,21.0588226318359,4.20588254928589,565,16,0,122.410003662109,39.8199996948242,111.416946411133
"species",121,121,195,14.2410001754761,24.8320007324219,1.14400005340576,610,11,-0.0500000007450581,142.539993286133,38.8699989318848,59.3416481018066
"species",122,122,101,15.095666885376,27.0799999237061,0.583999991416931,381,7,-0.419999986886978,145.399993896484,41.4000015258789,58.029899597168
"species",123,123,9,15.8684997558594,28.2000007629395,0.927999973297119,203,6,-0.699999988079071,178.410003662109,41.1500015258789,55.7465400695801
"species",124,124,348,15.8088331222534,31.8959999084473,-2.65599989891052,360,11,-0.560000002384186,206.179992675781,42.1599998474121,57.3257751464844
"species",125,125,869,13.550666809082,29.8840007781982,-2.2039999961853,504,19,-0.209999993443489,191.970001220703,40.6300010681152,53.3367309570312
"species",126,126,184,15.1479997634888,27.4479999542236,0.76800000667572,226,5,-0.670000016689301,178.539993286133,44.1199989318848,56.6825561523438
"species",127,127,202,16.4586658477783,31.6359996795654,-0.351999998092651,187,6,-0.75,200.360000610352,59.9000015258789,62.2411651611328
"species",128,128,283,16.5843334197998,33.0799980163574,-2.16400003433228,278,8,-0.620000004768372,208.660003662109,43.4700012207031,57.4162559509277
"species",129,129,883,14.2321662902832,31.0279998779297,-2.07999992370605,456,18,-0.310000002384186,193.360000610352,41.5499992370605,56.5744667053223
"species",130,130,2617,4.13199996948242,21.431999206543,-9.73600006103516,291,43,-0.230000004172325,127.040000915527,26.6399993896484,103.084037780762
"species",131,131,265,13.539999961853,23.8719997406006,3.24399995803833,400,10,-0.280000001192093,139.220001220703,45.3600006103516,71.1560745239258
"species",132,132,51,16.1709995269775,28.1800003051758,2.2720000743866,247,5,-0.639999985694885,168.410003662109,47.0499992370605,56.2608108520508
"species",133,133,609,14.6416664123535,29.7280006408691,-0.868000030517578,347,10,-0.579999983310699,192.050003051758,44.5,48.74755859375
"species",134,134,73,16.9093341827393,32.0880012512207,-0.851999998092651,149,5,-0.800000011920929,205.240005493164,44.7599983215332,59.5185317993164
"species",135,135,290,16.541166305542,33.2439994812012,-1.90399992465973,244,6,-0.670000016689301,212.369995117188,44.4700012207031,60.2252769470215
"species",136,136,1083,13.5031661987305,30.2639999389648,-1.39999997615814,490,16,-0.280000001192093,186.729995727539,41.939998626709,59.6340370178223
"species",137,137,101,15.1225004196167,28.0960006713867,-0.291999995708466,216,6,-0.689999997615814,172.570007324219,49.9599990844727,48.9078788757324
"species",138,138,433,15.7396669387817,32.1720008850098,-1.5,202,5,-0.759999990463257,203.210006713867,62.7700004577637,51.6969909667969
"species",139,139,141,13.1671667098999,21.7880001068115,4.87599992752075,433,9,-0.439999997615814,115.279998779297,47.5200004577637,96.8020401000977
"species",140,140,35,14.2788333892822,25.8280010223389,2.03600001335144,187,4,-0.720000028610229,150.660003662109,65.4700012207031,53.7842292785645
"species",141,141,465,14.8251667022705,31.076000213623,-2.44000005722046,205,5,-0.740000009536743,209.710006713867,67.9599990844727,46.6813926696777
"species",142,142,711,14.8958330154419,32.2519989013672,-3.1800000667572,240,6,-0.699999988079071,211.919998168945,63.2000007629395,50.5430793762207
"species",143,143,885,11.7709999084473,24.1079998016357,0.467999994754791,454,12,-0.409999996423721,160.059997558594,58.7299995422363,39.0274696350098
"species",144,144,146,15.1363334655762,28.9759998321533,-0.720000028610229,179,2,-0.810000002384186,181.089996337891,72.3499984741211,40.8996429443359
"species",145,145,671,14.1303329467773,29.8719997406006,-3.09200000762939,265,5,-0.680000007152557,210.110000610352,66.120002746582,45.1624794006348
"species",146,146,206,17.6135005950928,35.4799995422363,-1.09600007534027,109,3,-0.870000004768372,217.979995727539,51.4099998474121,55.0846519470215
"species",147,147,473,13.2556667327881,25.2999992370605,1.91600000858307,330,5,-0.709999978542328,167.479995727539,66.2600021362305,36.8583221435547
"species",148,148,213,15.8296670913696,31.5400009155273,-1.18799996376038,211,2,-0.810000002384186,200.039993286133,71.370002746582,39.6372413635254
"species",149,149,500,15.1703329086304,32.2039985656738,-2.86800003051758,214,5,-0.740000009536743,216.5,67.9700012207031,47.9776420593262
"species",150,150,457,14.0748329162598,25.6439990997314,2.93199992179871,346,5,-0.519999980926514,168.529998779297,65.9800033569336,42.5102996826172
"species",151,151,300,14.6703329086304,26.2679996490479,3.15599989891052,286,3,-0.629999995231628,159.899993896484,69.2600021362305,35.3318367004395
"species",152,152,169,14.8263330459595,26.1560001373291,3.87199997901917,264,2,-0.629999995231628,129.399993896484,68.4000015258789,35.148811340332
"species",153,153,359,15.7641668319702,29.6840000152588,2.04399991035461,283,2,-0.600000023841858,159.080001831055,67.9899978637695,32.1929473876953
"species",154,154,74,16.0286674499512,26.5520000457764,6.17999982833862,260,2,-0.689999997615814,142.320007324219,73.5400009155273,42.927188873291
"species",155,155,212,17.1919994354248,30.0639991760254,4.84800004959106,244,3,-0.660000026226044,157.990005493164,73.9499969482422,38.6240272521973
"species",156,156,303,18.1148338317871,31.8239994049072,5.63199996948242,219,4,-0.699999988079071,172.580001831055,74.7099990844727,37.9337387084961
"species",157,157,27,18.5518341064453,30.6040000915527,7.13199996948242,229,6,-0.740000009536743,149.389999389648,75.75,72.2726287841797
"species",158,158,291,17.2361660003662,30.6800003051758,5.03999996185303,251,6,-0.720000028610229,178.350006103516,77.4700012207031,52.1817512512207
"species",159,159,456,17.5768337249756,33.2120018005371,2.9760000705719,215,9,-0.769999980926514,192.960006713867,76.1900024414062,51.1421737670898
"species",160,160,753,17.0553340911865,33.6440010070801,0.727999985218048,185,16,-0.709999978542328,206.169998168945,72.9700012207031,48.4360771179199
"species",161,161,124,16.5021667480469,27.3640003204346,6.6560001373291,201,6,-0.730000019073486,135.789993286133,72.5199966430664,54.2507743835449
"species",162,162,704,15.7826662063599,31.2320003509521,2.3199999332428,251,11,-0.600000023841858,172.289993286133,69.0199966430664,38.0855827331543
"species",163,163,650,17.0518341064453,33.6920013427734,1.3639999628067,201,14,-0.699999988079071,192.580001831055,72.9499969482422,38.7104225158691
"species",164,164,521,16.908332824707,31.6840000152588,3.74799990653992,227,11,-0.670000016689301,178.550003051758,73.1100006103516,43.2501640319824
"species",165,165,1509,13.1353330612183,28.4839992523193,-1.37199997901917,387,36,-0.449999988079071,158.240005493164,58.1699981689453,41.2767524719238
"species",166,166,203,18.0623340606689,30.7119998931885,6.61600017547607,190,6,-0.759999990463257,160.100006103516,77.3899993896484,45.0716361999512
"species",167,167,279,17.3665008544922,29.5400009155273,6.86399984359741,183,5,-0.790000021457672,147.820007324219,73.6500015258789,55.6272239685059
"species",168,168,383,18.0214996337891,33.2719993591309,3.30800008773804,150,8,-0.810000002384186,180.419998168945,79.2099990844727,33.8074836730957
"species",169,169,457,17.0513324737549,31.431999206543,4.15199995040894,175,8,-0.75,164.539993286133,76.0899963378906,32.0328712463379
"species",170,170,940,15.5171670913696,30.9360008239746,0.667999982833862,160,22,-0.769999980926514,169.729995727539,71.4599990844727,30.4025955200195
"species",171,171,514,15.8906669616699,27.6200008392334,5.82000017166138,173,8,-0.730000019073486,143,74.2699966430664,69.6052093505859
"species",172,172,947,15.1681661605835,29.1000003814697,2.09200000762939,155,17,-0.769999980926514,157.940002441406,71.8000030517578,28.9899044036865
"species",173,173,182,16.9671669006348,30.8959999084473,4.61199998855591,161,5,-0.810000002384186,163.380004882812,87.0199966430664,27.7088737487793
"species",174,174,1080,21.2278327941895,32.5400009155273,8.62400054931641,244,36,-0.730000019073486,130.479995727539,170.699996948242,99.9320602416992
"species",175,175,1068,22.0573329925537,33.568000793457,9.3120002746582,272,33,-0.699999988079071,121.410003662109,161.300003051758,122.531799316406
"species",176,176,245,23.788667678833,33.7080001831055,12.2720003128052,771,152,-0.0199999995529652,123.940002441406,168.839996337891,158.924133300781
"species",177,177,89,24.1725006103516,34.0960006713867,12.6680002212524,646,124,-0.180000007152557,115.76000213623,161.25,164.233337402344
"species",178,178,507,21.4808330535889,29.9039993286133,11.8599996566772,1057,183,0.0299999993294477,100.209999084473,160.559997558594,163.029632568359
"species",179,179,265,22.5244998931885,31.6480007171631,12.2639999389648,770,150,-0.100000001490116,109.23999786377,154.320007324219,187.092422485352
"species",180,180,331,22.1173343658447,30.5279998779297,12.4840002059937,964,161,0.259999990463257,114.23999786377,154.75,175.197128295898
"species",181,181,183,23.4811668395996,32.5919990539551,13.3400001525879,672,169,-0.100000001490116,105.809997558594,140.309997558594,201.285446166992
"species",182,182,729,20.644832611084,28.7080001831055,11.2679996490479,963,219,0.569999992847443,104.180000305176,140.490005493164,176.145126342773
"species",183,183,145,23.7501659393311,32.2639999389648,13.7919998168945,726,219,-0.119999997317791,130.350006103516,150.679992675781,198.186080932617
"species",184,184,1009,20.5068340301514,28.3279991149902,12.0679998397827,765,157,0,94.4700012207031,128.369995117188,201.06135559082
"species",185,185,482,23.4361667633057,31.9039993286133,14.2960004806519,639,63,-0.360000014305115,102.790000915527,152.639999389648,174.950836181641
"species",186,186,9,25.121000289917,33.8880004882812,15.3999996185303,670,34,-0.259999990463257,117.529998779297,155.75,163.595199584961
"species",187,187,394,23.8468341827393,32.6479988098145,14.1879997253418,873,130,-0.100000001490116,108.019996643066,165.240005493164,189.175765991211
"species",188,188,52,25.4078330993652,34.523998260498,15.8360004425049,728,40,-0.310000002384186,147.460006713867,151.940002441406,194.879302978516
"species",189,189,70,25.6263332366943,34.8400001525879,16.0319995880127,940,54,-0.129999995231628,149.169998168945,159.190002441406,202.094024658203
"species",190,190,5,25.548999786377,33.6199989318848,16.931999206543,834,53,-0.200000002980232,140.639999389648,144.639999389648,176.396377563477
"species",191,191,5,25.6901664733887,33.9120025634766,16.7959995269775,789,81,0.0799999982118607,137.660003662109,132.559997558594,161.743469238281
"species",192,192,665,23.0106658935547,30.8560009002686,14.8199996948242,1071,125,0.449999988079071,139.380004882812,115.800003051758,189.620086669922
"species",193,193,161,25.298999786377,33.6800003051758,16.3199996948242,1760,175,0.490000009536743,114.75,140.910003662109,147.600708007812
"species",194,194,17,25.9344997406006,34.576000213623,16.9119987487793,1127,88,0.129999995231628,141.429992675781,144.869995117188,195.029022216797
"species",195,195,15,26.0729999542236,35.0200004577637,16.7360000610352,791,70,-0.209999993443489,144.990005493164,148.289993286133,197.910354614258
"species",196,196,35,25.9561672210693,34.976001739502,16.6280002593994,747,56,-0.189999997615814,145.940002441406,146.479995727539,196.711273193359
"species",197,197,165,25.5738334655762,34.1959991455078,16.4759998321533,858,77,0.100000001490116,137.160003662109,139.550003051758,191.255569458008
"species",198,198,136,25.5738334655762,34.3199996948242,16.3120002746582,1552,171,0.430000007152557,144.809997558594,150.479995727539,172.584426879883
"species",199,199,162,25.6156673431396,34.7840003967285,16.1880016326904,1078,96,0.189999997615814,146.330001831055,161.460006713867,192.229187011719
"species",200,200,46,25.6568336486816,34.7639999389648,16.3519992828369,899,79,-0.100000001490116,147.860000610352,150.759994506836,202.089782714844
"species",201,201,15,25.6023330688477,34.4000015258789,16.2479991912842,1077,110,0.170000001788139,144.070007324219,146.160003662109,191.151016235352
"species",202,202,967,23.8528327941895,30.7479991912842,16.5520000457764,909,22,-0.0799999982118607,159.190002441406,144.139999389648,180.272308349609
"species",203,203,185,24.9518337249756,33.4119987487793,16.2119998931885,1423,109,0.360000014305115,148.550003051758,152.050003051758,168.263122558594
"species",204,204,53,25.5523338317871,34.3400001525879,16.5799999237061,1349,107,0.230000004172325,145.990005493164,149.199996948242,186.591400146484
"species",205,205,55,25.4909992218018,34.0599975585938,16.4799995422363,1491,183,0.430000007152557,143.809997558594,145.410003662109,185.822814941406
"species",206,206,101,25.2224998474121,33.5439987182617,16.2719993591309,1525,283,0.519999980926514,162.949996948242,144.940002441406,187.947631835938
"species",207,207,247,25.193000793457,33.560001373291,16.5520000457764,1209,285,0.449999988079071,145.509994506836,136.669998168945,186.190414428711
"species",208,208,239,25.2906665802002,33.576000213623,16.6359996795654,1466,392,0.550000011920929,165.770004272461,140.389999389648,176.577713012695
"species",209,209,702,22.8563327789307,30.4039993286133,14.6239995956421,1388,458,0.560000002384186,155.009994506836,133.990005493164,171.891784667969
"species",210,210,683,23.1798343658447,30.6319999694824,14.9879999160767,1214,368,0.409999996423721,143.630004882812,137.309997558594,162.136260986328
"species",211,211,74,26.4243335723877,34.7840003967285,17.3680000305176,1399,377,0.449999988079071,154.130004882812,148.860000610352,156.661346435547
"species",212,212,61,25.5738334655762,32.7799987792969,17.5480003356934,679,146,0.129999995231628,131.220001220703,135.380004882812,168.640884399414
"species",213,213,14,26.3158340454102,32.4440002441406,19.2439994812012,767,174,0.330000013113022,125.059997558594,130.910003662109,177.368347167969
"species",214,214,889,23.3253326416016,31.5200004577637,14.2320003509521,899,16,-0.310000002384186,141,161.339996337891,154.669296264648
"species",215,215,196,25.0774993896484,33.2039985656738,16.6160011291504,1339,163,0.370000004768372,142.300003051758,142.679992675781,175.260391235352
"species",216,216,635,23.3959999084473,30.9759998321533,15.2919998168945,833,151,0.28999999165535,139.979995727539,137.369995117188,188.627670288086
"species",217,217,499,24.2291660308838,32.1520004272461,15.8680000305176,835,181,0.340000003576279,146.940002441406,143.889999389648,185.731353759766
"species",218,218,710,23.4785003662109,31.3840007781982,15.1920003890991,670,143,-0.180000007152557,146.360000610352,145.5,164.290496826172
"species",219,219,418,24.6951675415039,32.8959999084473,16.3600006103516,722,149,-0.200000002980232,154.399993896484,141.520004272461,170.788238525391
"species",220,220,1505,19.3598327636719,27.1800003051758,11.1160001754761,672,54,0.129999995231628,140.460006713867,137.820007324219,168.291061401367
"species",221,221,1301,19.9669990539551,27.5799999237061,11.7320003509521,802,126,0.189999997615814,124.910003662109,142.889999389648,144.247177124023
"species",222,222,1229,20.4118328094482,27.6800003051758,12.423999786377,873,191,0.28999999165535,144.990005493164,145.490005493164,162.777481079102
"species",223,223,1278,19.9693336486816,27.1240005493164,12.2639999389648,913,207,0.259999990463257,141.880004882812,133.429992675781,181.411590576172
"species",224,224,652,23.1871662139893,30.1800003051758,15.6040000915527,931,182,0.349999994039536,149.970001220703,151.850006103516,140.633209228516
"species",225,225,169,25.5441665649414,33.2319984436035,17.0960006713867,1261,203,0.200000002980232,151.539993286133,143.300003051758,135.390640258789
"species",226,226,218,25.7716674804688,34.0960006713867,16.9759998321533,1129,182,0.180000007152557,144.449996948242,135.940002441406,187.531173706055
"species",227,227,132,26.2906665802002,34.7760009765625,17.3559989929199,913,161,0.119999997317791,137.059997558594,131.080001831055,177.12629699707
"species",228,228,199,25.6119995117188,33.7719993591309,16.9759998321533,719,143,0.0799999982118607,126.730003356934,123.809997558594,175.454284667969
"species",229,229,375,24.3156661987305,32.2599983215332,15.960000038147,749,160,0.0500000007450581,124.669998168945,117.980003356934,183.281539916992
"species",230,230,180,25.3349990844727,33.0480003356934,16.9519996643066,770,152,-0.0799999982118607,131.029998779297,133.149993896484,184.368942260742
"species",231,231,768,21.8033332824707,28.6959991455078,14.2159996032715,732,186,0.400000005960464,121.01000213623,103.040000915527,172.715408325195
"species",232,232,200,24.6354999542236,31.6720008850098,17.0599994659424,792,182,0.469999998807907,121.26000213623,126.150001525879,170.046920776367
"species",233,233,1317,20.6513328552246,28.1480007171631,12.7239999771118,436,63,-0.140000000596046,136,131.699996948242,176.075836181641
"species",234,234,892,23.355167388916,31.7639999389648,14.9440002441406,524,22,-0.469999998807907,136.940002441406,157.960006713867,159.799255371094
"species",235,235,443,25.6931667327881,34.0559997558594,17.1679992675781,631,27,-0.469999998807907,129.669998168945,166.119995117188,163.853271484375
"species",236,236,2117,16.1908321380615,23.431999206543,7.99599981307983,545,33,-0.129999995231628,100.150001525879,125.360000610352,189.808486938477
"species",237,237,1063,21.2418327331543,28.9559993743896,13.0080003738403,936,169,0.449999988079071,147.279998779297,145.350006103516,179.119110107422
"species",238,238,472,24.6879997253418,32.1119995117188,16.9600009918213,1066,180,0.360000014305115,150.119995117188,148.360000610352,160.712677001953
"species",239,239,166,25.6761665344238,33.3040008544922,17.492000579834,1283,212,0.200000002980232,145.419998168945,145.389999389648,155.621459960938
"species",240,240,121,26.4034996032715,34.4720001220703,17.8479995727539,1127,213,0.140000000596046,136.039993286133,129.589996337891,199.495010375977
"species",241,241,140,26.0068340301514,33.9480018615723,17.5960006713867,1004,201,0.170000001788139,126.519996643066,124.339996337891,193.47216796875
"species",242,242,311,25.050666809082,32.7360000610352,16.8519992828369,1090,209,0.180000007152557,121.569999694824,117.660003662109,199.918258666992
"species",243,243,443,23.4610004425049,30.6560001373291,15.8479995727539,1168,208,0.239999994635582,121.550003051758,120.139999389648,200.545074462891
"species",244,244,814,22.5764999389648,29.1800003051758,15.3039999008179,887,208,0.449999988079071,119.319999694824,117.220001220703,180.107360839844
"species",245,245,40,25.9566669464111,32.6479988098145,18.5920009613037,915,183,0.409999996423721,121,124.48999786377,179.056991577148
"species",246,246,1160,21.9680004119873,28.935998916626,14.4840002059937,532,8,-0.239999994635582,117.73999786377,145.490005493164,156.776000976562
"species",247,247,1861,17.9144992828369,25.9720001220703,9.31599998474121,514,22,-0.379999995231628,107.559997558594,135.179992675781,172.088775634766
"species",248,248,654,23.8381671905518,30.8400001525879,16.2959995269775,913,134,0.439999997615814,158.229995727539,153.050003051758,151.114318847656
"species",249,249,423,24.9763336181641,32,17.3439998626709,1044,193,0.449999988079071,153.860000610352,149.660003662109,151.160537719727
"species",250,250,155,26.0611667633057,33.6639976501465,18.0400009155273,1305,255,0.330000013113022,148.570007324219,145.970001220703,158.623443603516
"species",251,251,148,26.3291664123535,33.9680023193359,18.2320003509521,1364,294,0.28999999165535,138.429992675781,130.529998779297,182.327774047852
"species",252,252,184,26.082332611084,33.6119995117188,17.9680004119873,1407,295,0.319999992847443,129.509994506836,130.360000610352,195.239654541016
"species",253,253,340,24.6614990234375,31.8959999084473,16.9720001220703,1516,286,0.349999994039536,122.25,126.680000305176,196.603286743164
"species",254,254,603,22.8941669464111,29.1040000915527,15.923999786377,1520,265,0.46000000834465,118.879997253418,120.440002441406,196.253295898438
"species",255,255,26,25.7775001525879,32.3839988708496,18.3999996185303,1615,239,0.569999992847443,116.620002746582,122.26000213623,184.875839233398
"species",256,256,576,23.8271675109863,30.8999996185303,16.2159996032715,694,19,-0.270000010728836,142.050003051758,162.759994506836,161.675445556641
"species",257,257,583,24.1163330078125,31.1560001373291,16.5599994659424,719,20,-0.180000007152557,153.779998779297,160.320007324219,198.160003662109
"species",258,258,1237,21.3698329925537,28.6599998474121,13.57200050354,922,7,-0.0199999995529652,123.25,143.570007324219,141.957092285156
"species",259,259,690,24.5741672515869,32.5359992980957,16.923999786377,816,40,-0.370000004768372,147.410003662109,162.289993286133,119.740379333496
"species",260,260,275,25.4643325805664,32.015998840332,18.488000869751,1276,237,0.509999990463257,159.809997558594,153.970001220703,168.177536010742
"species",261,261,207,25.9209995269775,32.8079986572266,18.5200004577637,1442,323,0.479999989271164,152.899993896484,148.720001220703,177.69792175293
"species",262,262,368,25.1215000152588,31.9039993286133,17.7959995269775,1608,429,0.550000011920929,141.320007324219,131.479995727539,182.670669555664
"species",263,263,150,26.6603336334229,33.8120002746582,19,1603,339,0.379999995231628,135.289993286133,133.229995727539,178.929458618164
"species",264,264,240,25.4771671295166,32.4560012817383,18.1079998016357,1657,310,0.46000000834465,128.240005493164,132.330001831055,183.188674926758
"species",265,265,48,26.0868339538574,32.6679992675781,18.7520008087158,1599,272,0.589999973773956,125.75,130.300003051758,181.047317504883
"species",266,266,15,25.8895835876465,32.0999984741211,19.1500015258789,1049,277,0.569999992847443,123.290000915527,127.940002441406,134.495040893555
"species",267,267,11,26.7285976409912,32.7863655090332,20.0409088134766,1149,270,0.310000002384186,151.919998168945,111.089996337891,142.456237792969
"species",268,268,91,26.7671661376953,32.4080009460449,20.5520000457764,741,203,0.0399999991059303,159.470001220703,108.790000915527,127.800071716309
"species",269,269,119,26.3444995880127,31.8120002746582,20.3400001525879,1124,291,0.490000009536743,144.360000610352,100.019996643066,151.598419189453
"species",270,270,5,26.7591667175293,32,21.0400009155273,1032,273,0.509999990463257,139.169998168945,130.910003662109,152.219223022461
"species",271,271,2031,16.4808330535889,24.007999420166,8.33600044250488,764,34,-0.0500000007450581,109.059997558594,129.729995727539,175.954177856445
"species",272,272,1332,19.5715007781982,26.3360004425049,12.0600004196167,979,330,0.469999998807907,124.080001831055,103.089996337891,204.184997558594
"species",273,273,683,23.5949993133545,29.511999130249,17.003999710083,1725,376,0.610000014305115,133.440002441406,133.440002441406,195.16535949707
"species",274,274,333,25.1844997406006,31.6440010070801,18.2280006408691,1449,243,0.46000000834465,139.139999389648,141.160003662109,189.514541625977
"species",275,275,233,25.3651657104492,32.0439987182617,18.2360000610352,972,202,0.360000014305115,137.75,138.940002441406,172.122787475586
"species",276,276,330,24.6111660003662,31.2999992370605,17.3439998626709,687,155,0.0500000007450581,144.779998779297,146.509994506836,194.741897583008
"species",277,277,1245,20.2108325958252,26.9079990386963,13.3319997787476,624,135,0.159999996423721,132.729995727539,128.619995117188,194.149017333984
"species",278,278,29,26.7395000457764,33.9480018615723,19.0480003356934,630,166,0.0299999993294477,160.649993896484,117.569999694824,183.951385498047
"species",279,279,587,23.6378326416016,30.7119998931885,16.2040004730225,443,124,-0.0199999995529652,158.979995727539,120.660003662109,196.172561645508
"species",280,280,799,22.7336673736572,29.7199993133545,15.4200000762939,441,123,0.0500000007450581,144.25,131.240005493164,204.294174194336
"species",281,281,498,24.5336666107178,31.3439998626709,17.1800003051758,431,116,-0.219999998807907,154,142.910003662109,197.70361328125
"species",282,282,82,26.7754993438721,33.3479995727539,19.8400001525879,523,169,-0.0700000002980232,174.479995727539,116.680000305176,180.384078979492
"species",283,283,991,21.8570003509521,28.0279998779297,15.1319999694824,487,123,0.0700000002980232,134.490005493164,109.389999389648,192.759155273438
"species",284,284,653,23.5701675415039,29.8279991149902,16.8680000305176,596,194,0.150000005960464,149.529998779297,135.020004272461,187.706588745117
"species",285,285,557,23.9498329162598,29.9479999542236,17.4080009460449,826,278,0.330000013113022,132.350006103516,130.210006713867,194.853942871094
"species",286,286,102,26.0908336639404,31.8519992828369,19.8839988708496,1018,288,0.490000009536743,131.309997558594,129.679992675781,189.896438598633
"species",287,287,1594,19.6058330535889,25.57200050354,13.2679996490479,1304,89,0.439999997615814,116.389999389648,136.690002441406,212.862640380859
"species",288,288,1896,16.5241661071777,22.8360004425049,9.96399974822998,793,180,0.5,103.279998779297,108.300003051758,188.848083496094
"species",289,289,1226,20.2203330993652,26.503999710083,13.6120004653931,804,128,0.150000005960464,138.460006713867,129.800003051758,200.860275268555
"species",290,290,885,22.011999130249,29.007999420166,15.1319999694824,696,115,0.0299999993294477,149.440002441406,141.679992675781,185.405670166016
"species",291,291,229,25.4678325653076,33.1720008850098,17.496000289917,675,114,-0.00999999977648258,161.309997558594,157.699996948242,180.069030761719
"species",292,292,407,24.6573333740234,32.2999992370605,16.7040004730225,675,113,-0.0900000035762787,161.960006713867,153.820007324219,202.907638549805
"species",293,293,883,22.0693340301514,29.4759998321533,14.4400005340576,488,93,-0.140000000596046,148.440002441406,138.869995117188,193.121932983398
"species",294,294,1126,21.1816673278809,28.2959995269775,14.0559997558594,519,90,-0.0700000002980232,140.119995117188,121.809997558594,188.617614746094
"species",295,295,1464,19.2199993133545,25.2439994812012,12.8719997406006,578,80,0.109999999403954,129.389999389648,112.629997253418,189.577728271484
"species",296,296,891,22.3823337554932,28.9640007019043,15.3199996948242,516,73,-0.119999997317791,144.649993896484,128.509994506836,195.485443115234
"species",297,297,462,24.6468334197998,31.7199993133545,17.2679996490479,490,119,-0.0599999986588955,151.710006713867,147.009994506836,200
"species",298,298,528,24.2548332214355,30.8839988708496,17.3159999847412,661,177,0.230000004172325,145.110000610352,139.309997558594,200.444641113281
"species",299,299,314,25.1674995422363,31.3840007781982,18.6439990997314,885,252,0.28999999165535,141.309997558594,135.940002441406,195.10888671875
"species",300,300,79,26.0976657867432,32.0599975585938,19.8319988250732,1035,273,0.5,136,128.690002441406,190.580139160156
"species",301,301,2347,14.3030004501343,21.3600006103516,6.63600015640259,726,31,0.0500000007450581,94.6900024414062,110.569999694824,174.018264770508
"species",302,302,753,22.9658336639404,29.7080001831055,16.003999710083,657,69,-0.140000000596046,135.740005493164,144.369995117188,186.266677856445
"species",303,303,1226,19.9608325958252,26.5839996337891,13.0600004196167,634,94,-0.0700000002980232,126.180000305176,135.339996337891,180.945404052734
"species",304,304,453,24.3913326263428,31.8880004882812,16.7360000610352,920,135,0.109999999403954,162.350006103516,153.770004272461,181.167297363281
"species",305,305,608,23.6245002746582,31.0400009155273,15.9359998703003,824,143,0.230000004172325,160.259994506836,150.839996337891,170.959014892578
"species",306,306,988,21.666166305542,28.988000869751,14.539999961853,504,74,-0.0199999995529652,127.629997253418,127.870002746582,179.667816162109
"species",307,307,966,22.0348339080811,29.2560005187988,14.5719995498657,492,60,-0.219999998807907,126.150001525879,125.889999389648,194.994735717773
"species",308,308,860,22.7306671142578,29.7919998168945,15.539999961853,535,74,-0.170000001788139,145.580001831055,126.919998168945,192.377563476562
"species",309,309,605,23.8924999237061,31.076000213623,16.5799999237061,441,75,-0.340000003576279,154.070007324219,137.169998168945,202.19694519043
"species",310,310,331,25.271167755127,32.515998840332,18.0319995880127,649,109,-0.25,161.080001831055,153.039993286133,202.551040649414
"species",311,311,322,25.2390003204346,32.015998840332,18.2880001068115,769,162,0.00999999977648258,153.740005493164,145.789993286133,192.16535949707
"species",312,312,260,25.3238334655762,31.5399990081787,18.9839992523193,922,219,0.230000004172325,146.029998779297,137.470001220703,185.500946044922
"species",313,313,908,22.5785007476807,28.6919994354248,16.3640003204346,699,13,-0.0700000002980232,116.699996948242,137.830001831055,185.089263916016
"species",314,314,880,22.2113342285156,29.2600002288818,15.003999710083,613,60,-0.219999998807907,134.830001831055,146.550003051758,189.142379760742
"species",315,315,1577,18.4988327026367,25.1199989318848,11.7159996032715,538,74,-0.0599999986588955,111.550003051758,109.419998168945,187.970016479492
"species",316,316,1037,21.6828327178955,28.8560009002686,14.3959999084473,460,57,-0.219999998807907,125.830001831055,124.449996948242,184.453674316406
"species",317,317,1029,21.5751667022705,27.9400005340576,14.6879997253418,483,79,-0.170000001788139,143.759994506836,130.25,176.973007202148
"species",318,318,867,23.0645008087158,29.92799949646,15.8000001907349,508,79,-0.180000007152557,149.479995727539,136.679992675781,186.780807495117
"species",319,319,265,25.4853324890137,32.5799980163574,18.0799999237061,720,123,-0.140000000596046,164.520004272461,154.789993286133,190.611221313477
"species",320,320,415,24.7001667022705,31.1520004272461,17.7760009765625,818,148,0.0500000007450581,153.880004882812,143.399993896484,185.502258300781
"species",321,321,630,23.5968322753906,30.2679996490479,16.488000869751,706,103,-0.00999999977648258,153.820007324219,142.449996948242,200.565170288086
"species",322,322,34,25.8103332519531,30.7959995269775,20.9759998321533,1266,423,0.610000014305115,138.070007324219,129.690002441406,216.056838989258
"species",323,323,1553,18.0960006713867,23.7880001068115,12.3760004043579,1121,349,0.529999971389771,123.889999389648,110.919998168945,217.172073364258
"species",324,324,1861,16.4326667785645,21.992000579834,10.6359996795654,1138,250,0.560000002384186,112.300003051758,103.449996948242,222.982299804688
"species",325,325,307,24.6946659088135,30.1959991455078,19.5520000457764,1183,435,0.620000004768372,141.020004272461,131.240005493164,227.953628540039
"species",326,326,33,26.2311668395996,31.6920013427734,21.2840003967285,1174,497,0.579999983310699,138.470001220703,115.050003051758,215.224258422852
"species",327,327,1039,20.8983325958252,26.7000007629395,15.3800001144409,994,430,0.509999990463257,130.050003051758,107.849998474121,226.424240112305
"species",328,328,478,23.7900009155273,29.1959991455078,18.8640003204346,1027,482,0.540000021457672,136.559997558594,113.040000915527,226.268035888672
"species",329,329,2324,13.2278327941895,18.7959995269775,7.6560001373291,1024,81,0.720000028610229,92.2799987792969,92.4100036621094,236.256637573242
"species",330,330,201,25.408166885376,30.8719997406006,20.2919998168945,1040,453,0.370000004768372,141.369995117188,132.990005493164,212.572799682617
"species",331,331,6,26.3027782440186,30.8666667938232,21.7666664123535,956,439,0.430000007152557,124.860000610352,108.029998779297,209.591918945312
"species",332,332,75,26.3094997406006,30.9680004119873,22.0559997558594,1090,170,0.540000021457672,123.139999389648,103.959999084473,213.984893798828
"species",333,333,70,26.3786659240723,30.7159996032715,22.4080009460449,848,117,0.449999988079071,121.139999389648,110.73999786377,212.588745117188
"species",334,334,540,23.4114990234375,28.6480007171631,18.2360000610352,923,428,0.509999990463257,126.449996948242,117.099998474121,222.802139282227
"species",335,335,37,26.4809989929199,30.9119987487793,22.7280006408691,918,98,0.639999985694885,107.830001831055,103.139999389648,212.849807739258
"species",336,336,235,25.594165802002,30.4759998321533,21.1679992675781,1095,85,0.400000005960464,125.860000610352,118.209999084473,216.26123046875
"species",337,337,173,25.954833984375,30.1919994354248,21.6720008850098,987,83,0.28999999165535,121.809997558594,111.660003662109,222.986831665039
"species",338,338,91,26.2863330841064,30.2679996490479,22.3320007324219,849,165,0.25,118.830001831055,112.790000915527,216.766632080078
"species",339,339,88,26.0685005187988,32.0999984741211,20.6679992675781,1398,221,0.629999995231628,151.960006713867,137.399993896484,211.98583984375
"species",340,340,889,22.2655010223389,28.6119995117188,16.6079998016357,1284,175,0.560000002384186,137.929992675781,119.069999694824,221
"species",341,341,1500,18.2933330535889,24.1800003051758,12.7840003967285,1230,115,0.449999988079071,117.980003356934,105.709999084473,233.625259399414
"species",342,342,505,23.5346660614014,28.5160007476807,18.6520004272461,1270,322,0.550000011920929,129.330001831055,115.050003051758,218.257827758789
"species",343,343,118,25.5109844207764,29.9772720336914,21.3636360168457,885,317,0.509999990463257,135.660003662109,120.129997253418,220.789672851562
"species",344,344,133,25.6713333129883,30.3959999084473,21.3239994049072,1125,232,0.490000009536743,136.699996948242,126.51000213623,220.032455444336
"species",345,345,99,26.3598327636719,31.2799987792969,21.7999992370605,1093,250,0.46000000834465,132.240005493164,112.610000610352,222.318725585938
"species",346,346,261,26.003999710083,31.0920009613037,21.4759998321533,1159,173,0.540000021457672,124.819999694824,122.940002441406,222.436431884766
"species",347,347,153,26.4971675872803,31.1879997253418,22.3640003204346,1013,70,0.239999994635582,127.279998779297,116.860000610352,224.158569335938
"species",348,348,59,26.4669990539551,30.8120002746582,22.2959995269775,1004,54,0.150000005960464,123.709999084473,113.599998474121,215.761428833008
"species",349,349,131,25.8533325195312,30.0359992980957,21.8120002746582,865,202,0.209999993443489,118.819999694824,120.569999694824,213.149765014648
"species",350,350,92,26.2153339385986,30.7199993133545,22.1079998016357,825,88,0.25,124.5,123.169998168945,219.798629760742
"species",351,351,55,26.6294994354248,31.4160003662109,22.0880012512207,831,92,0.319999992847443,130.729995727539,125.959999084473,219.51579284668
"species",352,352,259,25.6749992370605,30.4839992523193,21.1599998474121,1254,96,0.589999973773956,133.550003051758,116.900001525879,228.167404174805
"species",353,353,326,25.3460006713867,30.0319995880127,20.8279991149902,1385,201,0.639999985694885,134.690002441406,118.519996643066,228.413665771484
"species",354,354,305,25.8301658630371,30.6879997253418,21.1159992218018,1517,746,0.689999997615814,138.990005493164,121.5,230.989517211914
"species",355,355,759,23.1561660766602,28.1319999694824,18.4879989624023,1328,524,0.740000009536743,132.690002441406,120.349998474121,236.97883605957
"species",356,356,131,27.8518333435059,33.2599983215332,22.6720008850098,828,300,0.28999999165535,150.5,148.839996337891,190.106460571289
"species",357,357,26,26.408332824707,31.1714286804199,21.9857139587402,1774,685,0.740000009536743,136.070007324219,133.350006103516,225.693298339844
"species",358,358,116,26.6666660308838,31.6680011749268,21.4680004119873,1828,1410,0.759999990463257,144.800003051758,143.979995727539,237.389389038086
"species",359,359,688,22.9226665496826,27.4599990844727,18.7959995269775,1297,583,0.769999980926514,127.790000915527,119.400001525879,241.904968261719
"species",360,360,68,25.9184989929199,30.2880001068115,21.9759998321533,1948,1264,0.790000021457672,124.860000610352,122.400001525879,228.654739379883
"species",361,361,56,26.3183326721191,30.923999786377,22.011999130249,2068,1475,0.800000011920929,127.459999084473,129.899993896484,228.361618041992
"species",362,362,47,25.8245010375977,29.996000289917,22.1040000915527,2184,1222,0.790000021457672,120.910003662109,117.569999694824,222.195220947266
"species",363,363,67,26.0464992523193,30.3039989471436,22.064001083374,2037,1347,0.759999990463257,124.309997558594,125.309997558594,231.616577148438
"species",364,364,61,25.6778335571289,29.8759994506836,22.011999130249,2258,1156,0.810000002384186,120.73999786377,111.089996337891,234.397888183594
"species",365,365,56,26.1396675109863,30.4039993286133,22.0400009155273,1923,1061,0.75,126.309997558594,122.970001220703,234.802963256836
"species",366,366,45,25.8941669464111,30.2880001068115,21.9640007019043,2036,1020,0.810000002384186,121.970001220703,114.23999786377,222.624282836914
"species",367,367,173,25.8188343048096,30.2280006408691,21.6520004272461,1781,945,0.670000016689301,131.869995117188,127.800003051758,238.34245300293
"species",368,368,29,26.2356662750244,30.8880004882812,21.9799995422363,1836,939,0.790000021457672,130.570007324219,122.690002441406,218.240463256836
"species",369,369,108,26.1246662139893,30.7840003967285,21.7520008087158,1629,975,0.800000011920929,137.240005493164,129.880004882812,229.188232421875
"species",370,370,39,26.2683334350586,30.7719993591309,22.1200008392334,1746,1070,0.779999971389771,134.440002441406,129.470001220703,219.743576049805
"species",371,371,465,23.9384994506836,28.6560001373291,19.1160011291504,970,626,0.469999998807907,136.979995727539,121.290000915527,219.414459228516
"species",372,372,308,24.7639999389648,29.8400001525879,19.5799999237061,1067,679,0.529999971389771,139.240005493164,125.779998779297,220.690353393555
"species",373,373,3268,9.57916641235352,15.7840003967285,2.98799991607666,356,264,0.230000004172325,90.8499984741211,74.9899978637695,237.015533447266
"species",374,374,354,24.4133338928223,29.2199993133545,19.4400005340576,1056,691,0.509999990463257,138.729995727539,125.620002746582,214.98844909668
"species",375,375,286,24.8420009613037,29.9640007019043,19.5,1112,723,0.540000021457672,140.320007324219,125.330001831055,221.007659912109
"species",376,376,252,25.0478324890137,30.2439994812012,19.5839996337891,1050,660,0.509999990463257,140.660003662109,125.099998474121,219.007629394531
"species",377,377,242,25.1770000457764,30.5799999237061,19.423999786377,1056,588,0.479999989271164,141.979995727539,120.290000915527,218
"species",378,378,342,24.4211673736572,29.3360004425049,19.2919998168945,1159,727,0.5,139.899993896484,124.769996643066,210.97102355957
"species",379,379,297,24.7504997253418,29.7840003967285,19.4400005340576,1100,706,0.509999990463257,132.919998168945,124.569999694824,218
"species",380,380,238,25.1030006408691,30.2840003967285,19.5960006713867,1018,647,0.479999989271164,141.949996948242,124.730003356934,217.028671264648
"species",381,381,232,25.2259998321533,30.5839996337891,19.5,995,570,0.449999988079071,143.179992675781,119.879997253418,216.971466064453
"species",382,382,662,22.7758331298828,27.6879997253418,17.6079998016357,1366,739,0.589999973773956,134.809997558594,121.169998168945,218.014114379883
"species",383,383,376,24.2536659240723,29.2200012207031,18.9599990844727,1254,751,0.5,140.059997558594,124.410003662109,212.969863891602
"species",384,384,350,24.5031661987305,29.5520000457764,19.1280002593994,1161,709,0.5,141.580001831055,124.209999084473,218.048187255859
"species",385,385,334,24.7191677093506,29.8880004882812,19.1760005950928,1084,651,0.490000009536743,142,123.800003051758,218.806732177734
"species",386,386,249,25.1464996337891,30.435998916626,19.3959999084473,1009,579,0.449999988079071,143.350006103516,119.029998779297,216.251373291016
"species",387,387,30,26.4244995117188,31.9799995422363,21.3439998626709,1366,123,0.379999995231628,146.220001220703,126.660003662109,211.723129272461
"species",388,388,32,26.3116664886475,32.1759986877441,20.8719997406006,1302,93,0.379999995231628,151.490005493164,124.150001525879,210.0048828125
"species",389,389,30,26.1865005493164,32.1720008850098,20.5319995880127,1284,62,0.370000004768372,156.270004272461,121.940002441406,209.543151855469
"species",390,390,512,23.3978328704834,28.3320007324219,18.0639991760254,1351,814,0.589999973773956,136.850006103516,121.779998779297,211.172882080078
"species",391,391,370,24.2988338470459,29.3840007781982,18.8600006103516,1248,769,0.529999971389771,140.820007324219,124.330001831055,213.033950805664
"species",392,392,352,24.5634994506836,29.6960010528564,19.0319995880127,1174,715,0.509999990463257,142.350006103516,124.389999389648,218
"species",393,393,293,24.9529991149902,30.1520004272461,19.3039989471436,1089,659,0.479999989271164,143.690002441406,124.73999786377,219.59587097168
"species",394,394,249,25.2065010070801,30.5359992980957,19.3799991607666,1028,602,0.449999988079071,144.25,119.180000305176,216.632431030273
"species",395,395,15,26.5391674041748,31.4559993743896,22.0480003356934,1286,255,0.28999999165535,148.850006103516,134.300003051758,212.151458740234
"species",396,396,27,26.3369998931885,31.8359985351562,21.2439994812012,1231,175,0.310000002384186,151.089996337891,130.860000610352,212.081069946289
"species",397,397,36,26.2525005340576,32.2719993591309,20.6440010070801,1178,126,0.300000011920929,153.860000610352,128.259994506836,214.894775390625
"species",398,398,62,25.9969997406006,32.2519989013672,20.0880012512207,1177,90,0.310000002384186,156.5,125.23999786377,213.766479492188
"species",399,399,44,26.0643329620361,32.3680000305176,20.0400009155273,1151,69,0.28999999165535,156.619995117188,125.48999786377,213.986022949219
"species",400,400,34,26.1761665344238,32.3320007324219,20.2919998168945,1078,58,0.259999990463257,152.429992675781,124.76000213623,211.009658813477
"species",401,401,450,23.7973327636719,28.9599990844727,18.1679992675781,1201,829,0.560000002384186,138.880004882812,123.040000915527,212.576858520508
"species",402,402,406,24.21266746521,29.3880004882812,18.6119995117188,1180,763,0.529999971389771,141.710006713867,124.73999786377,215
"species",403,403,299,24.8713340759277,30.1480007171631,19.1640014648438,1113,712,0.490000009536743,144.289993286133,125.790000915527,216.932174682617
"species",404,404,233,25.3141670227051,30.6680011749268,19.5,1050,670,0.469999998807907,145.149993896484,125.980003356934,218.944396972656
"species",405,405,243,25.3466663360596,30.7280006408691,19.431999206543,1016,626,0.449999988079071,144.889999389648,119.139999389648,216.014633178711
"species",406,406,55,26.0678329467773,32.1640014648438,20.3159999847412,1102,124,0.259999990463257,156.210006713867,128.949996948242,203.091003417969
"species",407,407,48,26.0563335418701,32.4000015258789,20.0200004577637,1062,105,0.259999990463257,155.259994506836,128.300003051758,211.999908447266
"species",408,408,32,26.1730003356934,32.3759994506836,20.2439994812012,1042,107,0.259999990463257,152.309997558594,127.5,206.941345214844
"species",409,409,593,23.3784999847412,28.7479991912842,17.568000793457,1048,726,0.509999990463257,139.910003662109,123.129997253418,214.738021850586
"species",410,410,387,24.5464992523193,29.8880004882812,18.7919998168945,1058,715,0.479999989271164,144.360000610352,126.120002746582,215.725631713867
"species",411,411,346,24.8645000457764,30.2439994812012,19.0559997558594,1035,686,0.479999989271164,145.429992675781,126.379997253418,215.583297729492
"species",412,412,229,25.4724998474121,30.8920001983643,19.5960006713867,992,664,0.46000000834465,146.490005493164,126.430000305176,214.725631713867
"species",413,413,206,25.638500213623,31.0559997558594,19.7159996032715,978,639,0.439999997615814,146.449996948242,119.839996337891,216
"species",414,414,332,24.9015007019043,30.3759994506836,18.9720001220703,925,654,0.400000005960464,146.369995117188,136.199996948242,215.937347412109
"species",415,415,292,25.2503337860107,30.7320003509521,19.3999996185303,925,660,0.409999996423721,147.740005493164,136.470001220703,212.176498413086
"species",416,416,301,25.3188323974609,30.7439994812012,19.503999710083,922,649,0.430000007152557,147.550003051758,126.779998779297,215.174163818359
"species",417,417,291,25.4034996032715,30.8319988250732,19.5520000457764,912,640,0.439999997615814,147,126.419998168945,216.152252197266
"species",418,418,226,25.695333480835,31.1640014648438,19.7520008087158,906,630,0.430000007152557,146.740005493164,126.279998779297,214.847091674805
"species",419,419,218,25.8373336791992,31.503999710083,19.7520008087158,836,582,0.340000003576279,131.210006713867,137.729995727539,212.593948364258
"species",420,420,252,25.7463340759277,31.2560005187988,19.8999996185303,832,616,0.349999994039536,132.880004882812,137.509994506836,209.417846679688
"species",421,421,246,25.828332901001,31.3120002746582,19.9640007019043,800,604,0.360000014305115,148.720001220703,127.169998168945,213.713851928711
"species",422,422,237,25.8781661987305,31.3759994506836,20.0160007476807,782,594,0.360000014305115,148.039993286133,126.529998779297,215.827056884766
"species",423,423,228,25.8698329925537,31.3479995727539,19.9720001220703,780,593,0.360000014305115,147.240005493164,126.319999694824,216.901306152344
"species",424,424,205,26.2201671600342,31.9119987487793,20.1520004272461,762,513,0.300000011920929,130.619995117188,138.029998779297,206
"species",425,425,228,26.1695003509521,31.7999992370605,20.2479991912842,739,543,0.310000002384186,132.309997558594,137.929992675781,211.265045166016
"species",426,426,226,26.1849994659424,31.7119998931885,20.3119983673096,702,537,0.28999999165535,133.699996948242,137.080001831055,214.502212524414
"species",427,427,223,26.1906661987305,31.6480007171631,20.4079990386963,653,508,0.25,135.139999389648,126.400001525879,215.505599975586
"species",428,428,204,26.5658340454102,32.1879997253418,20.6880016326904,690,502,0.300000011920929,132.309997558594,137.839996337891,210.870391845703
"species",429,429,816,23.4621677398682,29.7919998168945,16.992000579834,453,251,0.0599999986588955,109.139999389648,120.910003662109,216.820755004883
