"species","x","y","alt","wc2.0_bio_2.5m_1","wc2.0_bio_2.5m_5","wc2.0_bio_2.5m_6","wc2.0_bio_2.5m_16","wc2.0_bio_2.5m_17","current_2.5arcmin_climaticMoistureIndex","current_2.5arcmin_PETDriestQuarter","current_2.5arcmin_PETWettestQuarter"
"species",1,1,866,5.49483346939087,15.4840002059937,-4.47200012207031,1177,300,0.759999990463257,83.0699996948242,10.460000038147
"species",2,2,166,8.79749965667725,19.5480003356934,-3.03600001335144,698,114,0.509999990463257,124.559997558594,12.9899997711182
"species",3,3,60,9.98472213745117,21.0190486907959,-2.48571419715881,688,199,0.509999990463257,128.169998168945,13.7399997711182
"species",4,4,1860,1.53133344650269,14.4680004119873,-10.5559997558594,375,160,0.140000000596046,95.5899963378906,7.78000020980835
"species",5,5,1232,4.98166656494141,19.9680004119873,-12.4320001602173,222,113,-0.200000002980232,132.839996337891,10.0799999237061
"species",6,6,401,2.38733339309692,22.6240005493164,-22.7679996490479,304,89,-0.109999999403954,11.3599996566772,138.080001831055
"species",7,7,465,0.77566659450531,20.8479995727539,-26.2159996032715,273,114,0.0500000007450581,2.73000001907349,134.399993896484
"species",8,8,407,0.389166712760925,19.7199993133545,-24.0799999237061,293,128,0.259999990463257,26.5100002288818,64.1999969482422
"species",9,9,368,1.40433323383331,20.92799949646,-23.2479991912842,287,135,0.200000002980232,28.4699993133545,103.730003356934
"species",10,10,316,1.10366666316986,20.5960006713867,-24.1159992218018,320,158,0.219999998807907,27.6399993896484,106.059997558594
"species",11,11,332,0.566166579723358,20.3640003204346,-24.6560001373291,342,140,0.280000001192093,27.5,104.76000213623
"species",12,12,423,0.0406665839254856,21.1000003814697,-26.1920013427734,353,141,0.349999994039536,24.8400001525879,99.3000030517578
"species",13,13,155,1.16750001907349,21.3559989929199,-25.4559993743896,311,142,0.189999997615814,27.9099998474121,105.410003662109
"species",14,14,520,-0.0661666616797447,20.0400009155273,-24.4200000762939,345,193,0.370000004768372,23.9799995422363,101.699996948242
"species",15,15,485,1.2664999961853,19.2520008087158,-19.5279998779297,347,239,0.509999990463257,22.8299999237061,15.710000038147
"species",16,16,109,9.82466697692871,20.3479995727539,-2.39199995994568,1343,219,0.740000009536743,119.129997253418,17.0300006866455
"species",17,17,1370,4.50783348083496,17.7520008087158,-10.3000001907349,577,96,0.439999997615814,117.550003051758,10.3900003433228
"species",18,18,1245,5.54783344268799,19.8120002746582,-9.74400043487549,356,115,0.0599999986588955,134.360000610352,12.6000003814697
"species",19,19,1868,2.92983341217041,17.1359996795654,-10.9200000762939,147,96,-0.159999996423721,127.089996337891,11.460000038147
"species",20,20,1219,5.6743335723877,23.2280006408691,-15.6599998474121,129,85,-0.540000021457672,100.459999084473,117.48999786377
"species",21,21,437,4.11183309555054,24.6280002593994,-21.2119998931885,304,58,-0.150000005960464,6.42000007629395,146.149993896484
"species",22,22,477,3.13099980354309,22.4079990386963,-22.1720008850098,298,71,-0.0399999991059303,6.67999982833862,134.990005493164
"species",23,23,181,5.06166648864746,21.7119998931885,-14.5080003738403,266,129,-0.0199999995529652,18.6499996185303,142.470001220703
"species",24,24,302,5.08949995040894,23.2479991912842,-16.4080009460449,267,139,0.0500000007450581,17.2000007629395,116.269996643066
"species",25,25,423,3.06949996948242,21.5200004577637,-19.1000003814697,291,162,0.170000001788139,14.1300001144409,76.1699981689453
"species",26,26,320,2.70583343505859,21.5799999237061,-21.0599994659424,281,170,0.180000007152557,32.4700012207031,108.629997253418
"species",27,27,368,2.05149984359741,20.8799991607666,-22.3159999847412,323,180,0.239999994635582,31.5100002288818,108.319999694824
"species",28,28,379,2.20833349227905,21.1200008392334,-21.0200004577637,396,236,0.360000014305115,31.5300006866455,107.449996948242
"species",29,29,403,2.35783338546753,20.8080005645752,-19.8400001525879,337,201,0.310000002384186,13.0100002288818,105.459999084473
"species",30,30,322,2.95616674423218,21.2320003509521,-19.7959995269775,331,218,0.300000011920929,31.75,130.429992675781
"species",31,31,57,4.66783332824707,22.8839988708496,-16.1000003814697,340,270,0.330000013113022,80.8600006103516,11.8699998855591
"species",32,32,23,5.40681838989258,20.8090915679932,-10.881817817688,500,292,0.490000009536743,111.870002746582,14.1599998474121
"species",33,33,361,9.62366676330566,18.4600009918213,-0.0280000008642673,1253,141,0.620000004768372,131.809997558594,21.9899997711182
"species",34,34,465,10.0023336410522,21.6200008392334,-3.04399991035461,899,137,0.560000002384186,141.070007324219,19.8400001525879
"species",35,35,990,8.18233299255371,23.1000003814697,-9.02799987792969,166,50,-0.579999983310699,144.570007324219,18.7299995422363
"species",36,36,1288,7.82033348083496,22.2840003967285,-7.92000007629395,179,95,-0.349999994039536,145.589996337891,16.4300003051758
"species",37,37,2140,2.13499999046326,17.9720001220703,-12.8439998626709,178,103,-0.170000001788139,126.559997558594,12.4399995803833
"species",38,38,295,6.62599992752075,27.492000579834,-18.4839992523193,263,49,-0.370000004768372,10.3900003433228,157.160003662109
"species",39,39,356,6.51016664505005,26.7639999389648,-18.3600006103516,296,60,-0.230000004172325,9.4399995803833,152.839996337891
"species",40,40,348,5.93249988555908,25.1240005493164,-18.5200004577637,325,80,-0.109999999403954,10.3900003433228,155.25
"species",41,41,391,5.50483322143555,24.4160003662109,-18.2919998168945,310,83,-0.0599999986588955,10.6400003433228,126.709999084473
"species",42,42,210,6.61516666412354,24.068000793457,-14.6079998016357,260,115,-0.0599999986588955,12.6499996185303,119.830001831055
"species",43,43,352,6.54299974441528,23.8199996948242,-14.0640001296997,251,118,-0.150000005960464,12.8699998855591,128.619995117188
"species",44,44,173,7.58316659927368,20.9680004119873,-8.8120002746582,281,197,0.119999997317791,39.1100006103516,14.9399995803833
"species",45,45,242,5.66616678237915,23.0839996337891,-15.7559995651245,302,193,0.0799999982118607,40.810001373291,14.1099996566772
"species",46,46,297,4.97716665267944,22.5960006713867,-16.6959991455078,281,188,0.100000001490116,18.3199996948242,48.6100006103516
"species",47,47,389,4.86116647720337,23.1720008850098,-17.007999420166,332,198,0.189999997615814,19.4899997711182,118.410003662109
"species",48,48,470,4.24849987030029,22.0480003356934,-17.0599994659424,358,225,0.280000001192093,18.5,135.580001831055
"species",49,49,139,5.71933364868164,24.1840000152588,-16.1399993896484,298,220,0.180000007152557,22.2800006866455,28.2600002288818
"species",50,50,78,5.87716674804688,24.1680011749268,-15.3559999465942,320,260,0.280000001192093,134.149993896484,26.3500003814697
"species",51,51,224,5.76933336257935,22.0279998779297,-12.0080003738403,407,283,0.409999996423721,124.089996337891,15.4399995803833
"species",52,52,135,5.57766675949097,21.8400001525879,-12.4799995422363,444,302,0.46000000834465,114.819999694824,15.2399997711182
"species",53,53,105,5.54300022125244,21.0480003356934,-11.8599996566772,483,321,0.550000011920929,104.330001831055,14.6300001144409
"species",54,54,747,11.3070001602173,23.9759998321533,-2.66799998283386,927,63,0.360000014305115,151.970001220703,25.2800006866455
"species",55,55,1870,4.85383319854736,17.0480003356934,-6.32800006866455,631,82,0.159999996423721,134.740005493164,19.6800003051758
"species",56,56,263,8.32199954986572,26.9680004119873,-14.5840005874634,304,110,-0.0900000035762787,15.8900003433228,154.919998168945
"species",57,57,173,9.57649993896484,24.6079998016357,-7.64400005340576,256,176,-0.0799999982118607,26.4500007629395,149.970001220703
"species",58,58,475,7.5566668510437,24.3719997406006,-12.4759998321533,342,222,0.239999994635582,26.5499992370605,143
"species",59,59,386,7.91283321380615,25.1639995574951,-12.0640001296997,268,155,-0.150000005960464,28.5499992370605,149.610000610352
"species",60,60,529,6.77933359146118,24.0480003356934,-12.996000289917,320,211,0.189999997615814,25.6700000762939,137.320007324219
"species",61,61,197,8.14466667175293,26.3320007324219,-11.8520002365112,301,255,0.159999996423721,28.7600002288818,122.419998168945
"species",62,62,371,12.5069999694824,25.1119995117188,-1.88800001144409,888,28,0.319999992847443,169.699996948242,31.1200008392334
"species",63,63,213,16.6714992523193,32.6599998474121,0.660000026226044,285,15,-0.620000004768372,202.649993896484,41.2900009155273
"species",64,64,1497,9.42749977111816,25.3799991607666,-7.5959997177124,656,38,0.159999996423721,166.479995727539,33.7900009155273
"species",65,65,274,11.9184999465942,30.5,-9.05599975585938,340,154,-0.109999999403954,26.1100006103516,159.429992675781
"species",66,66,202,11.9511671066284,30.2159996032715,-9.2519998550415,309,174,-0.129999995231628,25.3099994659424,139.059997558594
"species",67,67,313,10.6899995803833,28.1760005950928,-9.60400009155273,315,207,-0.0399999991059303,23.7600002288818,158.169998168945
"species",68,68,527,9.93733310699463,27.1359996795654,-9.30000019073486,348,250,0.129999995231628,24.2099990844727,149.929992675781
"species",69,69,143,11.8371667861938,29.8279991149902,-7.83200025558472,287,225,-0.0500000007450581,26.6700000762939,136.039993286133
"species",70,70,19,12.3323335647583,29.2999992370605,-5.64799976348877,328,253,0.0599999986588955,26.4099998474121,156.520004272461
"species",71,71,35,11.2268333435059,27.2119998931885,-5.55599975585938,288,240,0.200000002980232,64.129997253418,84.6600036621094
"species",72,72,441,14.8290004730225,28.1840000152588,1.32000005245209,335,8,-0.529999971389771,183.669998168945,45.810001373291
"species",73,73,1136,13.1478328704834,29.5200004577637,-1.33599996566772,494,19,-0.270000010728836,184.529998779297,41.5
"species",74,74,2710,6.39449977874756,21.9839992523193,-6.49200010299683,201,41,-0.5,123.040000915527,27.7099990844727
"species",75,75,2890,3.85566663742065,20.8640003204346,-14.6040000915527,266,114,-0.259999990463257,111.569999694824,124.019996643066
"species",76,76,157,13.8094997406006,31.2600002288818,-5.65199995040894,360,265,0.0299999993294477,122.51000213623,114.339996337891
"species",77,77,306,13.242166519165,30.5359992980957,-5.30000019073486,361,287,0.0900000035762787,117.879997253418,161.610000610352
"species",78,78,531,12.2288331985474,29.4680004119873,-5.73999977111816,331,246,-0.0299999993294477,52.2200012207031,161.210006713867
"species",79,79,41,14.7343330383301,32.4400024414062,-3.30799984931946,334,251,-0.0799999982118607,56.1800003051758,152.039993286133
"species",80,80,531,12.9704999923706,24.423999786377,2.42000007629395,352,7,-0.670000016689301,164.970001220703,65.2200012207031
"species",81,81,921,14.4286670684814,30.8800010681152,-2.01200008392334,253,7,-0.569999992847443,176.850006103516,58.3199996948242
"species",82,82,1466,12.9125003814697,27.6840000152588,-1.60399997234344,390,15,-0.379999995231628,175.240005493164,57.75
"species",83,83,2066,9.97249984741211,28.0400009155273,-9.53200054168701,187,59,-0.699999988079071,54.25,158.830001831055
"species",84,84,1816,12.8748331069946,31.8319988250732,-7.04400014877319,180,39,-0.75,47.1500015258789,163.220001220703
"species",85,85,238,16.279333114624,34.0120010375977,-2.3199999332428,366,185,-0.150000005960464,45.4700012207031,148.080001831055
"species",86,86,326,15.4210004806519,32.4280014038086,-2.30399990081787,420,261,-0.0199999995529652,45.5400009155273,123.440002441406
"species",87,87,87,16.4395008087158,33.8120002746582,-1.87999999523163,385,264,-0.0500000007450581,178.720001220703,124.699996948242
"species",88,88,119,15.9193334579468,33.2159996032715,-2.49600005149841,437,270,0.0799999982118607,130.809997558594,124.110000610352
"species",89,89,182,15.614333152771,33,-2.39200019836426,419,279,0.0799999982118607,130.770004272461,124.440002441406
"species",90,90,348,14.731333732605,31.3320007324219,-2.63599991798401,435,303,0.140000000596046,123.180000305176,58.6800003051758
"species",91,91,241,15.6443338394165,32.8520011901855,-1.71600008010864,366,292,-0.0500000007450581,91.370002746582,62.6800003051758
"species",92,92,15,16.5020008087158,33.2840003967285,-0.272000014781952,439,249,0.00999999977648258,64.6500015258789,166.360000610352
"species",93,93,10,16.6263332366943,31.8559989929199,1.52799999713898,422,290,0.150000005960464,55.8899993896484,132.630004882812
"species",94,94,307,15.7636671066284,25.431999206543,7.76000022888184,188,3,-0.699999988079071,115.029998779297,46.7700004577637
"species",95,95,363,17.6046657562256,32.3800010681152,3.70799994468689,151,8,-0.810000002384186,175.119995117188,78.3199996948242
"species",96,96,1220,15.9429998397827,36.4080009460449,-4.94000005722046,123,21,-0.839999973773956,151.039993286133,183.339996337891
"species",97,97,2079,11.8575000762939,28.992000579834,-6.05200004577637,260,49,-0.660000026226044,85.9599990844727,141.210006713867
"species",98,98,515,18.1388339996338,34.9280014038086,0.608000040054321,224,103,-0.540000021457672,60.2700004577637,165.429992675781
"species",99,99,134,19.3549995422363,35.568000793457,2.48799991607666,287,174,-0.409999996423721,58.8400001525879,158.389999389648
"species",100,100,57,18.1401672363281,34.3840026855469,1.29199993610382,428,295,0.0199999995529652,140.410003662109,56.939998626709
"species",101,101,120,17.5405006408691,34.1199989318848,0.379999995231628,437,287,0.0299999993294477,137.800003051758,103.48999786377
"species",102,102,188,17.6599998474121,33.5240020751953,0.987999975681305,390,219,-0.129999995231628,102.910003662109,75.0299987792969
"species",103,103,10,18.2418327331543,34.0999984741211,2.5479998588562,464,230,-0.0500000007450581,70.5999984741211,165.779998779297
"species",104,104,11,16.3236656188965,28.3799991607666,5.12799978256226,116,3,-0.889999985694885,172.399993896484,82.2600021362305
"species",105,105,1096,15.8903331756592,30.4160003662109,1.78799998760223,94,9,-0.790000021457672,141.949996948242,76.6800003051758
"species",106,106,632,18.1968326568604,33.007999420166,2.41199994087219,244,108,-0.5,64.9100036621094,141.309997558594
"species",107,107,160,19.6618328094482,35.3199996948242,3.4760000705719,296,160,-0.430000007152557,80.25,158.75
"species",108,108,17,19.5314998626709,34.1240005493164,4.18400001525879,432,358,0.0700000002980232,106,167.339996337891
"species",109,109,39,19.3968334197998,33.515998840332,4.71199989318848,538,317,0.140000000596046,75.9300003051758,160.100006103516
"species",110,110,33,19.545166015625,33.9160003662109,4.40799999237061,518,271,0.0199999995529652,82.5299987792969,170.630004882812
"species",111,111,38,20.420166015625,33.5279998779297,6.40399980545044,537,189,-0.119999997317791,84.0599975585938,169.050003051758
"species",112,112,7,21.6179351806641,32.8652191162109,9.80000019073486,527,190,-0.0399999991059303,70.4400024414062,143.839996337891
"species",113,113,1711,15.8571662902832,31.0599994659424,0.224000006914139,632,54,-0.430000007152557,150.259994506836,152.619995117188
"species",114,114,2080,15.1283330917358,30.0799999237061,-0.232000008225441,611,56,-0.370000004768372,143.729995727539,147.919998168945
"species",115,115,2175,15.0329999923706,26.3280010223389,2.62800002098083,196,51,-0.600000023841858,99.8399963378906,141.910003662109
"species",116,116,2006,17.4948329925537,29.076000213623,4.61600017547607,403,22,-0.589999973773956,146.649993896484,146.369995117188
"species",117,117,2212,16.2443332672119,26.6240005493164,5.25600004196167,250,35,-0.560000002384186,96.5299987792969,139.699996948242
"species",118,118,12,25.8745002746582,34.7999992370605,16.3400001525879,414,74,-0.439999997615814,149.889999389648,159.229995727539
"species",119,119,12,25.4136657714844,33.931999206543,15.7720003128052,450,120,-0.319999992847443,145.779998779297,159.720001220703
"species",120,120,2011,18.0004997253418,29.1159992218018,6.15999984741211,530,20,-0.409999996423721,148.529998779297,138.139999389648
"species",121,121,2641,13.2971668243408,22.9759998321533,2.33200001716614,491,33,-0.409999996423721,97.1900024414062,133.539993286133
"species",122,122,2491,13.3811664581299,22.9559993743896,2.44400000572205,224,25,-0.689999997615814,97.6699981689453,146.470001220703
"species",123,123,143,25.5125007629395,34.6279983520508,15.8999996185303,544,79,-0.389999985694885,138.179992675781,167.960006713867
"species",124,124,25,25.5065002441406,33.4720001220703,16.7919998168945,497,130,-0.310000002384186,150.509994506836,144.630004882812
"species",125,125,1953,19.3279991149902,26.9440002441406,10.8479995727539,879,20,-0.00999999977648258,137.460006713867,119.48999786377
"species",126,126,1562,22.6853332519531,30.996000289917,14.0799999237061,731,16,-0.200000002980232,151.589996337891,130.419998168945
"species",127,127,134,25.3194999694824,33.5880012512207,16.5200004577637,1376,283,0.579999983310699,164.100006103516,135.690002441406
"species",128,128,1604,18.5011672973633,26.0599994659424,10.3640003204346,742,108,0.180000007152557,120.569999694824,135.649993896484
"species",129,129,676,23.2546672821045,29.9680004119873,15.8839998245239,1016,206,0.379999995231628,121.220001220703,118.709999084473
"species",130,130,100,25.8093338012695,31.5279998779297,19.9559993743896,1068,232,0.270000010728836,138.020004272461,129
"species",131,131,1410,18.6096668243408,23.4720001220703,13.3479995727539,695,114,0.270000010728836,125.069999694824,110.209999084473
"species",132,132,35,25.6148338317871,30.2999992370605,20.5839996337891,1182,154,0.490000009536743,136.600006103516,125.540000915527
"species",133,133,848,21.6563339233398,26.9160003662109,16.4640007019043,1160,440,0.600000023841858,133.350006103516,123.860000610352
"species",134,134,674,22.6515007019043,28.4519996643066,17.1280002593994,1023,495,0.430000007152557,129.309997558594,119.120002746582
"species",135,135,95,26.4190006256104,31.2320003509521,21.9479999542236,1032,77,0.340000003576279,124.040000915527,120.160003662109
"species",136,136,323,25.0156669616699,29.2999992370605,20.6919994354248,1111,351,0.360000014305115,117.860000610352,109.029998779297
"species",137,137,2080,16.7188339233398,21.8759994506836,11.3559999465942,446,79,-0.0500000007450581,116.559997558594,115.269996643066
"species",138,138,778,22.9541664123535,27.8080005645752,18.7520008087158,907,343,0.560000002384186,136.139999389648,133.720001220703
"species",139,139,88,25.78733253479,30.0799999237061,21.9400005340576,2161,1345,0.779999971389771,121.959999084473,121.48999786377
"species",140,140,2579,13.9460000991821,19.3039989471436,8.19200038909912,391,146,-0.340000003576279,111.01000213623,100.599998474121
"species",141,141,3340,9.07600021362305,13.2959995269775,4.07999992370605,373,68,0.0799999982118607,81.5299987792969,73.5899963378906
"species",142,142,28,25.7338333129883,30.0319995880127,21.503999710083,1047,412,0.490000009536743,111.129997253418,113.690002441406
