"species","x","y","alt","wc2.0_bio_2.5m_1","wc2.0_bio_2.5m_5","wc2.0_bio_2.5m_6","wc2.0_bio_2.5m_16","wc2.0_bio_2.5m_17","wc2.0_bio_2.5m_12","current_2.5arcmin_climaticMoistureIndex","current_2.5arcmin_PETDriestQuarter","current_2.5arcmin_PETWettestQuarter","IPCCconcert"
"species",1,1,571,9.1051664352417,26.003999710083,-10.2720003128052,320,227,1091,0.100000001490116,21.4699993133545,146.509994506836,0.676470577716827
"species",2,2,409,9.83650016784668,26.9720001220703,-9.59200000762939,297,201,992,-0.0399999991059303,22.8899993896484,157.399993896484,0.657516360282898
"species",3,3,319,10.1916666030884,27.3759994506836,-9.14400005340576,280,186,942,-0.0700000002980232,22.9300003051758,154.339996337891,0.657516360282898
"species",4,4,527,9.72700023651123,26.5,-8.98000049591064,334,235,1124,0.109999999403954,23.5699996948242,150.259994506836,0.696405231952667
"species",5,5,562,9.3343334197998,26.2360000610352,-9.82800006866455,332,234,1119,0.100000001490116,22.8400001525879,148.929992675781,0.696405231952667
"species",6,6,699,8.69683361053467,25.3479995727539,-10.6199998855591,301,218,1042,0.100000001490116,21.3899993896484,142.199996948242,0.676470577716827
"species",7,7,463,9.84416675567627,26.9079990386963,-9.27200031280518,285,197,973,-0.0700000002980232,23.6800003051758,155.770004272461,0.657516360282898
"species",8,8,174,11.3126668930054,29.1959991455078,-8.68000030517578,282,198,972,-0.0799999982118607,25.1000003814697,158.690002441406,0.645424842834473
"species",9,9,275,10.9113330841064,28.4640007019043,-8.7480001449585,300,223,1059,0.00999999977648258,24.0100002288818,131.130004882812,0.627124190330505
"species",10,10,381,10.5865001678467,27.92799949646,-8.56400012969971,344,247,1156,0.0199999995529652,27.2099990844727,162.740005493164,0.697058796882629
"species",11,11,395,10.7510004043579,28.07200050354,-8.41199970245361,333,233,1119,0.0399999991059303,26.5300006866455,157.110000610352,0.703921556472778
"species",12,12,554,9.86950016021729,26.8400001525879,-9.16800022125244,368,271,1245,0.170000001788139,70.1999969482422,149.850006103516,0.68692809343338
"species",13,13,800,8.50033378601074,24.7880001068115,-9.85999965667725,356,255,1184,0.209999993443489,65.6699981689453,141.240005493164,0.68692809343338
"species",14,14,463,10.5026664733887,27.8199996948242,-8.65999984741211,349,261,1195,0.100000001490116,27.75,157.139999389648,0.700653612613678
"species",15,15,308,11.2963333129883,29.1000003814697,-8.14000034332275,277,178,915,-0.200000002980232,28.8600006103516,164.220001220703,0.651307165622711
"species",16,16,273,11.6443328857422,29.1879997253418,-8.08400058746338,329,231,1114,0.00999999977648258,27.9500007629395,157.050003051758,0.65490198135376
"species",17,17,278,11.5706663131714,29.1480007171631,-7.95599985122681,322,229,1089,-0.0299999993294477,28.3600006103516,159.050003051758,0.65490198135376
"species",18,18,236,11.7174997329712,29.4640007019043,-7.76000022888184,318,224,1060,-0.0700000002980232,78.1399993896484,160.089996337891,0.65490198135376
"species",19,19,270,11.6126670837402,29.3120002746582,-7.76800012588501,327,230,1088,-0.0500000007450581,28.9799995422363,161.690002441406,0.659150302410126
"species",20,20,290,11.7561664581299,29.3040008544922,-7.53200006484985,331,253,1147,-0.0199999995529652,29.9500007629395,164.089996337891,0.669934630393982
"species",21,21,312,11.5888328552246,29.1359996795654,-7.52799987792969,336,258,1168,0.00999999977648258,30.4500007629395,164.139999389648,0.680065333843231
"species",22,22,353,11.3619995117188,28.8880004882812,-7.55200004577637,358,264,1217,0.0599999986588955,30.6900005340576,163.350006103516,0.680065333843231
"species",23,23,847,8.96633338928223,25.3080005645752,-9.27200031280518,391,305,1354,0.310000002384186,69.0899963378906,139.550003051758,0.700653612613678
"species",24,24,1018,8.20683288574219,24.2280006408691,-9.56799983978271,345,268,1208,0.270000010728836,24.1700000762939,135.820007324219,0.675163388252258
"species",25,25,196,12.3706665039062,30.2159996032715,-6.86400032043457,331,234,1087,-0.0900000035762787,80.75,167.350006103516,0.648039221763611
"species",26,26,210,12.4805002212524,30.2719993591309,-6.49200010299683,327,240,1101,-0.0599999986588955,49.7599983215332,164.139999389648,0.653594791889191
"species",27,27,265,12.3101663589478,29.9479999542236,-6.69999980926514,336,246,1132,-0.0299999993294477,49.0299987792969,162.610000610352,0.658823549747467
"species",28,28,376,11.6851663589478,28.8559989929199,-7.09999990463257,344,254,1175,0.0299999993294477,30.8099994659424,160.059997558594,0.671895444393158
"species",29,29,671,10.1423330307007,26.8439998626709,-8.23999977111816,390,280,1305,0.189999997615814,28.4500007629395,151.679992675781,0.671895444393158
"species",30,30,937,8.9394998550415,25.0960006713867,-9.00399971008301,398,309,1365,0.310000002384186,68.870002746582,141.110000610352,0.677777767181396
"species",31,31,1100,8.10766696929932,24.0839996337891,-9.53999996185303,374,311,1334,0.340000003576279,66.4300003051758,134.720001220703,0.666339874267578
"species",32,32,323,11.8886661529541,29.6879997253418,-7.28399991989136,356,250,1165,0,81.3399963378906,164.369995117188,0.638562083244324
"species",33,33,336,12.1915006637573,29.7600002288818,-6.57599973678589,349,257,1161,-0.00999999977648258,80.0199966430664,163.059997558594,0.642156839370728
"species",34,34,299,12.2816667556763,29.8519992828369,-6.54400014877319,356,257,1180,0,31.7999992370605,162.550003051758,0.642156839370728
"species",35,35,448,11.7053337097168,28.8279991149902,-6.77600002288818,354,261,1190,0.0599999986588955,30.3199996948242,156.460006713867,0.647058844566345
"species",36,36,509,11.3249998092651,28.4039993286133,-7.22800016403198,341,246,1145,0.0299999993294477,30.2000007629395,156.100006103516,0.648366034030914
"species",37,37,328,12.1758337020874,29.9479999542236,-6.6879997253418,354,269,1208,0.0299999993294477,81.8399963378906,164.410003662109,0.629084944725037
"species",38,38,368,12.0198335647583,29.7800006866455,-6.61199998855591,351,269,1190,-0.00999999977648258,82.7699966430664,167.089996337891,0.629084944725037
"species",39,39,339,12.2723331451416,30,-6.26000022888184,335,256,1143,-0.0500000007450581,83.5699996948242,167.919998168945,0.627777755260468
"species",40,40,304,12.6046667098999,30.492000579834,-6.06799983978271,340,256,1152,-0.0599999986588955,84.0299987792969,169.559997558594,0.629738569259644
"species",41,41,380,12.227499961853,29.6119995117188,-6.16400003433228,347,261,1187,0,32.6800003051758,164.059997558594,0.629738569259644
"species",42,42,571,11.3848333358765,28.488000869751,-6.85200023651123,345,263,1180,0.0399999991059303,75.2699966430664,155.710006713867,0.635947704315186
"species",43,43,809,10.3175001144409,26.6720008850098,-7.37200021743774,322,238,1080,0.0399999991059303,44.3499984741211,143.160003662109,0.629084944725037
"species",44,44,355,12.4104995727539,29.8920001983643,-6.30800008773804,346,266,1210,0.0599999986588955,115.129997253418,159.470001220703,0.633660137653351
"species",45,45,327,12.3801670074463,30.076000213623,-5.99200010299683,348,268,1218,0.0299999993294477,117.309997558594,163.809997558594,0.629084944725037
"species",46,46,333,12.502833366394,30.42799949646,-6,347,271,1203,-0.00999999977648258,84.0100021362305,167.630004882812,0.629084944725037
"species",47,47,431,12.2825002670288,29.8120002746582,-5.72399997711182,329,261,1149,-0.0299999993294477,82.5899963378906,164.759994506836,0.627777755260468
"species",48,48,389,12.5640001296997,30.1319999694824,-5.5,328,249,1131,-0.0599999986588955,53.310001373291,166.899993896484,0.629738569259644
"species",49,49,532,12.0388336181641,29.0440006256104,-5.78000020980835,338,254,1154,-0.00999999977648258,51.4700012207031,161.679992675781,0.629738569259644
"species",50,50,648,11.4418334960938,28.1919994354248,-6.2480001449585,334,256,1149,0.0199999995529652,49.560001373291,156.490005493164,0.629738569259644
"species",51,51,688,11.2378330230713,27.8999996185303,-6.47200012207031,319,241,1090,-0.0399999991059303,49,155.080001831055,0.635947704315186
"species",52,52,781,10.856499671936,27.4640007019043,-6.71600008010864,292,213,988,-0.100000001490116,32.5400009155273,151.940002441406,0.629084944725037
"species",53,53,362,12.7294998168945,30.2999992370605,-5.92799997329712,349,266,1235,0.0599999986588955,117.190002441406,162.009994506836,0.624509811401367
"species",54,54,465,12.1195001602173,29.2480010986328,-5.83599996566772,365,279,1284,0.100000001490116,115.459999084473,160.820007324219,0.621568620204926
"species",55,55,496,12.085000038147,29.2000007629395,-5.84800004959106,359,277,1260,0.0799999982118607,81.129997253418,160.399993896484,0.621568620204926
"species",56,56,615,11.7069997787476,28.5599994659424,-5.81199979782104,339,266,1200,0.0700000002980232,79.1399993896484,156.389999389648,0.621568620204926
"species",57,57,712,11.546667098999,28.2679996490479,-5.98000001907349,336,258,1169,0.0599999986588955,77.4100036621094,151.949996948242,0.619607865810394
"species",58,58,698,11.6133337020874,28.3239994049072,-5.74399995803833,333,251,1147,0.0399999991059303,50.2799987792969,153.929992675781,0.62058824300766
"species",59,59,771,11.1280002593994,27.7439994812012,-6.3120002746582,334,251,1144,0.0500000007450581,49.4199981689453,152.039993286133,0.62058824300766
"species",60,60,238,14.0926666259766,31.5399990081787,-4.36400032043457,365,283,1343,0.0799999982118607,123.660003662109,118.019996643066,0.616013050079346
"species",61,61,275,13.8078336715698,31.1560001373291,-4.72399997711182,364,281,1329,0.0900000035762787,121.129997253418,164.339996337891,0.622548997402191
"species",62,62,447,12.8973331451416,29.9479999542236,-5.00799989700317,374,296,1357,0.140000000596046,116.059997558594,158.5,0.620915055274963
"species",63,63,407,12.8531665802002,30.1760005950928,-5.35200023651123,364,293,1322,0.109999999403954,118.23999786377,162.350006103516,0.620915055274963
"species",64,64,474,12.4895000457764,29.6480007171631,-5.48000001907349,362,286,1306,0.109999999403954,117.120002746582,162.490005493164,0.614705860614777
"species",65,65,508,12.2534999847412,29.6879997253418,-5.7039999961853,363,281,1306,0.109999999403954,116.730003356934,161.779998779297,0.608169913291931
"species",66,66,434,12.6801662445068,30.3880004882812,-5.88000011444092,348,263,1240,0.0399999991059303,83.5400009155273,163.729995727539,0.608169913291931
"species",67,67,450,12.7498331069946,30.3239994049072,-5.4520001411438,327,248,1171,-0.00999999977648258,83.5400009155273,162.850006103516,0.608169913291931
"species",68,68,424,13.1321668624878,30.7919998168945,-5.10400009155273,314,236,1101,-0.0799999982118607,84.6399993896484,164.809997558594,0.611111104488373
"species",69,69,568,12.4908332824707,29.7719993591309,-5.50400018692017,321,239,1109,-0.0299999993294477,82.0599975585938,159.020004272461,0.614052295684814
"species",70,70,908,10.7003335952759,26.8159999847412,-5.9520001411438,343,263,1202,0.150000005960464,33.8699989318848,146.229995727539,0.614052295684814
"species",71,71,341,13.7626667022705,30.9599990844727,-4.44799995422363,397,294,1419,0.140000000596046,122.5,115.400001525879,0.617973864078522
"species",72,72,507,12.96399974823,29.7840003967285,-4.84400033950806,403,297,1448,0.200000002980232,115.169998168945,109.290000915527,0.616013050079346
"species",73,73,457,13.0345001220703,30.2199993133545,-5.11599969863892,386,295,1400,0.159999996423721,116.180000305176,112.519996643066,0.615686297416687
"species",74,74,578,12.3188333511353,29.2360000610352,-5.41599988937378,380,297,1383,0.200000002980232,113.860000610352,110.849998474121,0.615686297416687
"species",75,75,352,13.388500213623,31.0480003356934,-4.67999982833862,341,263,1226,0.0799999982118607,119.319999694824,117.639999389648,0.61176472902298
"species",76,76,388,13.106499671936,30.8759994506836,-5.00400018692017,347,257,1237,0.0399999991059303,119.620002746582,164.399993896484,0.6094771027565
"species",77,77,404,13.1108331680298,30.6480007171631,-4.47599983215332,337,241,1186,-0.0199999995529652,85.6500015258789,164.899993896484,0.6094771027565
"species",78,78,234,14.1773328781128,32.068000793457,-4.51200008392334,385,272,1328,0.0399999991059303,127.040000915527,119.48999786377,0.60065358877182
"species",79,79,284,14.1608333587646,31.5359992980957,-4.20799970626831,399,289,1414,0.109999999403954,124.98999786377,119.230003356934,0.617973864078522
"species",80,80,575,12.8013334274292,29.5240001678467,-4.80400037765503,430,306,1528,0.230000004172325,113.930000305176,107.98999786377,0.616013050079346
"species",81,81,447,13.2586669921875,30.6000003814697,-4.78399991989136,404,298,1460,0.180000007152557,118.220001220703,114.379997253418,0.615686297416687
"species",82,82,292,14.0625,31.564001083374,-3.62400007247925,332,249,1208,0.0599999986588955,119.790000915527,54.2299995422363,0.61176472902298
"species",83,83,402,13.8906669616699,30.6000003814697,-3.84400010108948,417,300,1474,0.180000007152557,119.970001220703,53.4799995422363,0.612418293952942
"species",84,84,591,13.0164995193481,29.6200008392334,-4.50799989700317,435,316,1549,0.25,114.540000915527,50.5699996948242,0.613398671150208
"species",85,85,839,11.8313331604004,28.2320003509521,-5.38000011444092,378,287,1345,0.0900000035762787,81.7099990844727,113.059997558594,0.60065358877182
"species",86,86,368,14.2816667556763,31.1000003814697,-3.05599999427795,348,304,1304,0.0399999991059303,43.5400009155273,168.75,0.576143801212311
"species",87,87,1582,11.3756666183472,26.5879993438721,-3.01200008392334,210,13,435,-0.600000023841858,160.289993286133,49.1800003051758,0.447385609149933
"species",88,88,292,14.5881671905518,31.7560005187988,-3.40400004386902,424,297,1491,0.140000000596046,125.370002746582,56.8199996948242,0.607516348361969
"species",89,89,416,14.0531663894653,31.1040000915527,-3.60400009155273,439,310,1533,0.200000002980232,119.559997558594,54.3600006103516,0.607516348361969
"species",90,90,265,14.6693334579468,32.1319999694824,-3.46799993515015,426,294,1463,0.109999999403954,124.620002746582,57.2799987792969,0.606535971164703
"species",91,91,235,14.8210000991821,31.7040004730225,-2.48799991607666,417,291,1428,0.0799999982118607,125.620002746582,57.8400001525879,0.606862723827362
"species",92,92,1024,11.0893335342407,26.7800006866455,-5.3600001335144,496,393,1795,0.370000004768372,108.879997253418,51.3899993896484,0.59738564491272
"species",93,93,727,12.5796661376953,29.2719993591309,-4.49200010299683,458,364,1644,0.239999994635582,86.0800018310547,57.5,0.59738564491272
"species",94,94,943,11.8013334274292,27.7840003967285,-4.76800012588501,487,431,1837,0.400000005960464,80,110.870002746582,0.582352936267853
"species",95,95,816,12.5706663131714,28.7919998168945,-4.12799978256226,453,421,1742,0.340000003576279,81.5899963378906,113.01000213623,0.567647039890289
"species",96,96,347,14.72350025177,31.423999786377,-2.22000002861023,368,316,1366,0.119999997317791,89.2799987792969,60.810001373291,0.569281041622162
"species",97,97,154,15.6020002365112,33.0880012512207,-2.83999991416931,445,271,1463,0.0799999982118607,130.630004882812,123.339996337891,0.589542508125305
"species",98,98,168,15.5036668777466,33.0919990539551,-2.86800003051758,447,279,1475,0.0700000002980232,132.029998779297,125.419998168945,0.589542508125305
"species",99,99,171,15.4206666946411,33.0120010375977,-2.88000011444092,436,278,1457,0.0599999986588955,132.25,126.559997558594,0.595424830913544
"species",100,100,463,14.110333442688,30.9160003662109,-3.26399993896484,445,307,1532,0.200000002980232,121.900001525879,55.2400016784668,0.607516348361969
"species",101,101,212,15.1175003051758,32.5200004577637,-2.90000009536743,438,295,1475,0.0900000035762787,129.190002441406,60.0099983215332,0.607516348361969
"species",102,102,575,13.4733333587646,30.0359992980957,-3.68799996376038,460,323,1573,0.230000004172325,117.910003662109,54.1800003051758,0.606535971164703
"species",103,103,916,12.0256662368774,27.2119998931885,-4.10799980163574,512,408,1824,0.379999995231628,110.300003051758,53.8499984741211,0.59738564491272
"species",104,104,457,14.3330001831055,30.6319999694824,-2.85199999809265,467,386,1670,0.230000004172325,88.1900024414062,60.7999992370605,0.59738564491272
"species",105,105,269,15.4196662902832,31.6240005493164,-1.38800001144409,419,339,1472,0.140000000596046,90.7900009155273,62.7400016784668,0.582352936267853
"species",106,106,311,15.3583335876465,32.1959991455078,-1.74000000953674,406,338,1447,0.100000001490116,89.0899963378906,61.2099990844727,0.567647039890289
"species",107,107,262,15.5226669311523,32.6640014648438,-1.72800004482269,367,302,1298,-0.00999999977648258,89.8399963378906,61.5900001525879,0.569281041622162
"species",108,108,112,16.0893325805664,33.4879989624023,-2.14800000190735,442,265,1453,0.0599999986588955,132.050003051758,125.720001220703,0.591503262519836
"species",109,109,132,15.9271669387817,33.2879981994629,-2.32400012016296,448,277,1476,0.0700000002980232,133.449996948242,128.199996948242,0.591503262519836
"species",110,110,209,15.4440002441406,32.7880020141602,-2.6800000667572,447,279,1477,0.0900000035762787,132.419998168945,126.930000305176,0.596078455448151
"species",111,111,296,15.0986661911011,32.2599983215332,-2.62400007247925,440,288,1488,0.129999995231628,128.809997558594,122.940002441406,0.597058832645416
"species",112,112,202,15.6354999542236,32.923999786377,-2.2720000743866,424,283,1453,0.0900000035762787,131.309997558594,125.410003662109,0.597058832645416
"species",113,113,202,15.5866670608521,32.992000579834,-2.40000009536743,426,283,1454,0.0900000035762787,130.080001831055,60.8899993896484,0.599346399307251
"species",114,114,311,15.0433330535889,32.2360000610352,-2.62399983406067,431,287,1464,0.119999997317791,127.029998779297,59.0400009155273,0.600980401039124
"species",115,115,206,15.4736661911011,31.9559993743896,-1.7960000038147,421,276,1410,0.0599999986588955,129.889999389648,60.9700012207031,0.601307213306427
"species",116,116,335,14.8156671524048,31.8560009002686,-2.98000001907349,440,291,1467,0.119999997317791,126.709999084473,59.1699981689453,0.601307213306427
"species",117,117,246,15.1833333969116,32.5559997558594,-2.84400010108948,435,285,1427,0.0700000002980232,129.029998779297,61.4700012207031,0.597058832645416
"species",118,118,141,15.837833404541,33.5279998779297,-2.44400000572205,446,288,1504,0.0799999982118607,136.139999389648,131.770004272461,0.594117641448975
"species",119,119,218,15.5748338699341,33.0960006713867,-2.38800001144409,445,290,1514,0.119999997317791,131.600006103516,127.449996948242,0.596405208110809
"species",120,120,196,15.7233333587646,32.9119987487793,-2.07599997520447,437,286,1480,0.100000001490116,131,63.4099998474121,0.596405208110809
"species",121,121,192,15.7379999160767,33.2280006408691,-2.18799996376038,437,288,1463,0.0700000002980232,131.630004882812,63.3300018310547,0.599346399307251
"species",122,122,254,15.4876670837402,32.8040008544922,-2.24799990653992,433,283,1456,0.0900000035762787,129.539993286133,62.1699981689453,0.594444453716278
"species",123,123,298,15.3061666488647,32.447998046875,-2.41200017929077,428,273,1429,0.100000001490116,126.949996948242,90.370002746582,0.596405208110809
"species",124,124,167,15.9539995193481,33.3400001525879,-1.89999997615814,437,270,1421,0.0599999986588955,131.380004882812,93.2600021362305,0.596405208110809
"species",125,125,153,16.0671672821045,33.5639991760254,-2.06399989128113,452,285,1507,0.0900000035762787,134.169998168945,65.9400024414062,0.594444453716278
"species",126,126,137,16.1753330230713,33.7480010986328,-1.87599992752075,447,278,1470,0.0799999982118607,132.529998779297,66.25,0.594444453716278
"species",127,127,153,16.2241668701172,33.6840019226074,-1.70000004768372,433,275,1433,0.0500000007450581,130.610000610352,65.4599990844727,0.594444453716278
"species",128,128,324,15.4820003509521,32.2719993591309,-1.91600000858307,437,287,1468,0.109999999403954,127.180000305176,63.0499992370605,0.593464076519012
"species",129,129,192,16.1258335113525,33.3320007324219,-1.55599999427795,427,267,1397,0.0399999991059303,131.649993896484,65.5400009155273,0.591176450252533
"species",130,130,91,16.7756671905518,33.5480003356934,-0.527999997138977,442,280,1469,0.0500000007450581,134.570007324219,67.6100006103516,0.594444453716278
"species",131,131,145,16.4974994659424,33.4039993286133,-1.23600006103516,442,276,1464,0.0700000002980232,132.080001831055,67.0299987792969,0.594444453716278
"species",132,132,195,16.4300003051758,33.2560005187988,-1.00800001621246,447,280,1475,0.0700000002980232,130.009994506836,66.2200012207031,0.594444453716278
"species",133,133,60,17.2291660308838,34.0839996337891,-0.263999998569489,434,277,1433,0.00999999977648258,134.179992675781,69.0100021362305,0.588562071323395
"species",134,134,2244,16.1003341674805,23.8840007781982,7.36800003051758,524,27,1067,-0.209999993443489,99.0400009155273,123.279998779297,0.594117641448975
"species",135,135,1878,17.3856658935547,24.6919994354248,9.12399959564209,1049,96,2127,0.259999990463257,121.440002441406,132.589996337891,0.522549033164978
"species",136,136,1870,16.8579998016357,23.931999206543,9.19600009918213,962,177,2173,0.119999997317791,111.01000213623,123.419998168945,0.501960813999176
