"species","x","y","alt","wc2.0_bio_2.5m_1","wc2.0_bio_2.5m_5","wc2.0_bio_2.5m_6","wc2.0_bio_2.5m_16","wc2.0_bio_2.5m_17","current_2.5arcmin_climaticMoistureIndex","current_2.5arcmin_PETDriestQuarter","current_2.5arcmin_PETWettestQuarter","Cropped_Cloud"
"species",1,1,1190,8.75433349609375,21.2999992370605,-3.09599995613098,657,59,0,159.509994506836,24.1399993896484,99.8275833129883
"species",2,2,197,9.64066696166992,27.0559997558594,-11.043999671936,297,158,-0.0199999995529652,18.6200008392334,152.559997558594,153.63410949707
"species",3,3,470,7.02533340454102,24.2360000610352,-12.9840002059937,292,165,-0.0199999995529652,26.6299991607666,151.970001220703,193.220153808594
"species",4,4,556,6.34849977493286,23.1720008850098,-12.8719997406006,307,222,0.209999993443489,23.7600002288818,135.869995117188,200
"species",5,5,210,8.06483364105225,25.992000579834,-12.3839998245239,294,205,0.0599999986588955,28.1000003814697,148.369995117188,179.400238037109
"species",6,6,1148,9.58966636657715,23.4039993286133,-4.44000005722046,687,37,0.0900000035762787,173.369995117188,29.7399997711182,77.3062362670898
"species",7,7,217,12.1988334655762,30.923999786377,-8.8120002746582,331,126,-0.0900000035762787,25.6599998474121,158.320007324219,151.392074584961
"species",8,8,182,11.6870002746582,30.0520000457764,-9.59200000762939,304,153,-0.140000000596046,24.6100006103516,159.440002441406,155.884872436523
"species",9,9,213,11.1894998550415,29.3199996948242,-10.4799995422363,329,179,-0.0599999986588955,22.5900001525879,157.889999389648,174.789321899414
"species",10,10,251,10.7858333587646,28.4599990844727,-9.59200000762939,316,189,-0.0199999995529652,22.6000003814697,153.899993896484,183.6689453125
"species",11,11,327,10.537166595459,27.5599994659424,-9.04399967193604,318,198,-0.0299999993294477,23.1000003814697,152.740005493164,184.272750854492
"species",12,12,284,10.2153329849243,27.2119998931885,-8.85999965667725,281,190,-0.0599999986588955,22.5,154.740005493164,182.527938842773
"species",13,13,74,10.9401664733887,27.9839992523193,-8.23999977111816,328,267,0.180000007152557,22.5799999237061,91.379997253418,171.180892944336
"species",14,14,25,14.4283332824707,27.57200050354,-0.744000017642975,468,10,-0.310000002384186,167.210006713867,44.3199996948242,54.5506477355957
"species",15,15,3476,-0.384500026702881,16.2399997711182,-12.5920000076294,329,64,0.119999997317791,90.5400009155273,21.1200008392334,97.7882080078125
"species",16,16,307,14.0281667709351,32.2760009765625,-5.52400016784668,356,168,-0.100000001490116,36.6699981689453,144.669998168945,135.471145629883
"species",17,17,309,13.1479997634888,31.5480003356934,-6.82000017166138,337,164,-0.109999999403954,32.8699989318848,144.399993896484,133.878601074219
"species",18,18,259,12.6695003509521,30.8360004425049,-7.44400024414062,316,202,-0.119999997317791,32.3499984741211,115.01000213623,136.374633789062
"species",19,19,109,13.5635004043579,31.2919998168945,-6.64799976348877,351,226,-0.0500000007450581,121.589996337891,109.01000213623,164.370208740234
"species",20,20,191,13.433500289917,30.7719993591309,-5.61999988555908,357,258,0.0199999995529652,121.449996948242,113.180000305176,156.630249023438
"species",21,21,291,12.2109994888306,30.1959991455078,-6.88800001144409,343,250,-0.0500000007450581,83.5400009155273,167.919998168945,159.832656860352
"species",22,22,690,10.5375003814697,27.6679992675781,-7.93599987030029,323,236,-0.00999999977648258,29.5,151.600006103516,177.622131347656
"species",23,23,192,16.0393333435059,33.9119987487793,-2.7720000743866,365,197,-0.140000000596046,44.4099998474121,123.650001525879,122.621322631836
"species",24,24,157,15.613166809082,33.523998260498,-3.31200003623962,364,259,-0.100000001490116,43.4700012207031,126.25,122.172622680664
"species",25,25,62,16.1100006103516,33.5999984741211,-2.79999995231628,390,244,-0.0199999995529652,173.660003662109,118.779998779297,150.555358886719
"species",26,26,139,15.0623331069946,32.9039993286133,-3.5479998588562,422,271,0.0500000007450581,131.779998779297,126.319999694824,136.212493896484
"species",27,27,569,13.246000289917,29.9200000762939,-4.27600002288818,439,318,0.25,114.650001525879,51.3800010681152,148.750518798828
"species",28,28,988,11.2401666641235,27.1599998474121,-5.20800018310547,457,372,0.319999992847443,79.4000015258789,52.1800003051758,143.346069335938
"species",29,29,5,16.3328342437744,32.0040016174316,0.53600001335144,417,244,0.0399999991059303,59.9300003051758,160.300003051758,138.826889038086
"species",30,30,435,18.0368328094482,34.5279998779297,0.759999990463257,252,123,-0.479999989271164,57.810001373291,159.350006103516,127.349975585938
"species",31,31,121,17.1300010681152,34.4480018615723,-0.800000011920929,356,249,-0.119999997317791,167.089996337891,128.479995727539,132.069305419922
"species",32,32,94,16.5610008239746,33.8800010681152,-1.60000002384186,394,294,0,135.639999389648,128.910003662109,124.307250976562
"species",33,33,63,17.5278339385986,34.1959991455078,0.236000001430511,435,256,-0.0199999995529652,137.770004272461,131.580001831055,126.518013000488
"species",34,34,41,17.3185005187988,34.2239990234375,-0.0160000007599592,429,257,0.00999999977648258,135,99.5899963378906,123.566444396973
"species",35,35,212,16.8391666412354,33.5040016174316,-0.304000020027161,450,269,0.0599999986588955,131.929992675781,70.0800018310547,124.495986938477
"species",36,36,93,17.8871669769287,34.492000579834,0.912000000476837,361,223,-0.189999997615814,103.209999084473,74.2799987792969,125.282669067383
"species",37,37,42,17.9816665649414,34.0959968566895,1.66000008583069,428,218,-0.119999997317791,72.3899993896484,174.440002441406,128.774017333984
"species",38,38,-3,17.6141662597656,33.6640014648438,1.76400005817413,470,244,0,68.4700012207031,159.149993896484,138.386764526367
"species",39,39,647,18.1205005645752,33.5839996337891,1.76800000667572,231,87,-0.560000002384186,65.870002746582,143.509994506836,112.382362365723
"species",40,40,324,19.1421661376953,35.1199989318848,2.53999996185303,274,142,-0.449999988079071,63.1399993896484,159.190002441406,134.237167358398
"species",41,41,96,19.8143329620361,35.0040016174316,3.92000007629395,301,197,-0.319999992847443,181.350006103516,156.770004272461,155.365158081055
"species",42,42,34,19.1119995117188,34.3880004882812,3.57999992370605,458,277,0,80.8300018310547,171.070007324219,136.773483276367
"species",43,43,31,19.7255001068115,34.6359977722168,4.38800001144409,484,218,-0.109999999403954,83.2399978637695,176.220001220703,138.218139648438
"species",44,44,13,20.8446674346924,33.6840019226074,6.81599998474121,487,222,-0.100000001490116,65.0100021362305,148.899993896484,162.376098632812
"species",45,45,198,21.3295001983643,36.1440010070801,5.2039999961853,200,76,-0.660000026226044,70.8600006103516,173.589996337891,146.338363647461
"species",46,46,154,20.9783325195312,36.1759986877441,4.73199987411499,229,100,-0.589999973773956,93.4899978637695,154.070007324219,162.025527954102
"species",47,47,49,21.720832824707,33.7919998168945,8.88000011444092,558,189,-0.0900000035762787,89.8300018310547,167.330001831055,154.250305175781
"species",48,48,43,22.2908325195312,33.3279991149902,10.0440006256104,532,170,-0.170000001788139,75.3300018310547,165.779998779297,172.643218994141
"species",49,49,1567,20.3341674804688,29.8799991607666,10.3000001907349,1027,105,-0.109999999403954,122.309997558594,130.169998168945,130.579040527344
"species",50,50,2389,14.5411672592163,22.5400009155273,5.65999984741211,541,49,-0.129999995231628,94.870002746582,118.419998168945,172.707534790039
"species",51,51,2077,17.1318340301514,25.068000793457,8.11999988555908,510,28,-0.25,102.480003356934,128.179992675781,176.053024291992
"species",52,52,1945,16.3190002441406,23.9759998321533,7.74399995803833,1017,151,0.270000010728836,117.279998779297,128.610000610352,176.680160522461
"species",53,53,1978,16.3776664733887,22.1879997253418,10.543999671936,807,85,0.439999997615814,97.0800018310547,106.98999786377,176.014114379883
