"species","x","y","alt","wc2.0_bio_2.5m_1","wc2.0_bio_2.5m_5","wc2.0_bio_2.5m_6","wc2.0_bio_2.5m_16","wc2.0_bio_2.5m_17","current_2.5arcmin_climaticMoistureIndex","current_2.5arcmin_PETDriestQuarter","current_2.5arcmin_PETWettestQuarter","Cropped_Cloud"
"species",1,1,575,14.1333332061768,28.0520000457764,-0.504000008106232,734,41,0.150000005960464,198.050003051758,34.189998626709,68.5364227294922
"species",2,2,210,10.6731662750244,28.7360000610352,-10.8839998245239,321,160,-0.0500000007450581,21.2299995422363,156.380004882812,175.96842956543
"species",3,3,240,10.6226663589478,28.6000003814697,-10.6960000991821,318,173,-0.0399999991059303,21.4699993133545,157.190002441406,177.727600097656
"species",4,4,325,10.7656669616699,28.1079998016357,-8.6879997253418,302,200,-0.0500000007450581,25.3700008392334,158.570007324219,182.008728027344
"species",5,5,449,9.77083301544189,26.8159999847412,-9.61999988555908,293,202,-0.0500000007450581,23.1499996185303,157.580001831055,188.309783935547
"species",6,6,525,15.059666633606,31.7000007629395,-1.99599993228912,360,11,-0.490000009536743,205.289993286133,43.6199989318848,53.3429870605469
"species",7,7,310,12.7483329772949,31.3279991149902,-7.5959997177124,341,147,-0.0900000035762787,30.3600006103516,141.110000610352,134.67854309082
"species",8,8,268,12.5856666564941,30.8959999084473,-7.5479998588562,312,183,-0.150000005960464,31.6200008392334,148.580001831055,136.859283447266
"species",9,9,136,13.2253332138062,30.9799995422363,-7.19199991226196,351,236,-0.0399999991059303,121.51000213623,107.769996643066,157.586944580078
"species",10,10,248,12.280499458313,29.7199993133545,-7.33599996566772,349,253,0.0199999995529652,116.519996643066,104.779998779297,164.162445068359
"species",11,11,277,12.0828332901001,29.7959995269775,-7.32400035858154,350,251,0.0199999995529652,79.3600006103516,161.839996337891,166.096740722656
"species",12,12,549,10.8529996871948,27.7840003967285,-7.55999994277954,364,258,0.0900000035762787,29.7399997711182,155.369995117188,174.273727416992
"species",13,13,1118,13.5846662521362,29.7439994812012,-2.21600008010864,173,12,-0.740000009536743,183.399993896484,59.689998626709,57.1840744018555
"species",14,14,356,13.8656663894653,31.8559989929199,-5.40799999237061,342,203,-0.100000001490116,37.9700012207031,146.779998779297,125.72444152832
"species",15,15,203,13.8280000686646,32.4440002441406,-6.40000009536743,339,252,-0.0900000035762787,37.1300010681152,119.680000305176,132.23046875
"species",16,16,126,14.3391666412354,31.8759994506836,-4.42399978637695,384,276,0.0700000002980232,125.790000915527,119.209999084473,129.887847900391
"species",17,17,222,14.3278331756592,31.9440002441406,-4.35200023651123,388,292,0.0900000035762787,125.800003051758,118.519996643066,157.636108398438
"species",18,18,388,13.106499671936,30.8759994506836,-5.00400018692017,347,257,0.0399999991059303,119.620002746582,164.399993896484,144.815063476562
"species",19,19,940,10.33899974823,26.3959999084473,-6.31599998474121,340,262,0.129999995231628,33.0099983215332,145.369995117188,156
"species",20,20,211,15.5351667404175,33.068000793457,-2.53999996185303,450,287,0.100000001490116,133.589996337891,128.75,132.29118347168
"species",21,21,260,15.5904998779297,32.7239990234375,-1.7039999961853,371,303,-0.00999999977648258,90.0800018310547,61.7299995422363,144.241134643555
"species",22,22,1745,18.7076663970947,29.4839992523193,7.15999984741211,422,40,-0.140000000596046,114.169998168945,142.800003051758,142.726791381836
"species",23,23,1305,21.7339992523193,32.1559982299805,10.8599996566772,987,106,-0.100000001490116,125.860000610352,136.199996948242,130.579040527344
"species",24,24,2393,14.3336668014526,21.992000579834,7.09999990463257,574,45,-0.0399999991059303,110.139999389648,118.099998474121,149.49919128418
"species",25,25,1866,17.5865001678467,25.3400001525879,8.74399948120117,540,22,-0.150000005960464,105.73999786377,129.639999389648,180.774719238281
"species",26,26,1975,17.0496673583984,24.4039993286133,9.00800037384033,987,115,0.189999997615814,119.540000915527,130.600006103516,142.724243164062
