"species","x","y","alt","wc2.0_bio_2.5m_1","wc2.0_bio_2.5m_5","wc2.0_bio_2.5m_6","wc2.0_bio_2.5m_16","wc2.0_bio_2.5m_17","current_2.5arcmin_climaticMoistureIndex","current_2.5arcmin_PETDriestQuarter","current_2.5arcmin_PETWettestQuarter"
"species",1,1,1299,19.6538333892822,25.9080009460449,12.9840002059937,732,105,0.0199999995529652,121.209999084473,129.25
"species",2,2,1320,19.9586658477783,26.7439994812012,12.96399974823,660,137,0.189999997615814,131.289993286133,126.419998168945
"species",3,3,117,26.6633338928223,33.1959991455078,19.5799999237061,1066,160,0.239999994635582,151.419998168945,152.929992675781
"species",4,4,789,22.816499710083,30.2600002288818,15.0600004196167,601,98,0.0700000002980232,153.830001831055,143.860000610352
"species",5,5,350,25.179500579834,32.4679985046387,17.8799991607666,640,107,-0.219999998807907,160.039993286133,152.539993286133
"species",6,6,259,8.39633369445801,19.3479995727539,-3.56399989128113,970,145,0.610000014305115,121.300003051758,13.039999961853
"species",7,7,84,10.0894994735718,20.2759990692139,-0.811999976634979,409,72,0.180000007152557,109.769996643066,14.7799997329712
"species",8,8,87,9.68166637420654,19.6800003051758,-1.26400005817413,640,88,0.449999988079071,106.459999084473,14.8100004196167
"species",9,9,365,9.83899974822998,19.1639995574951,0.136000007390976,1219,134,0.610000014305115,131.880004882812,22.1100006103516
"species",10,10,802,9.00600051879883,19.4079990386963,-2.08400011062622,1036,157,0.610000014305115,136.919998168945,18.9400005340576
"species",11,11,1074,10.337833404541,21.9400005340576,-2.25600004196167,957,76,0.389999985694885,138.869995117188,23.6700000762939
"species",12,12,517,11.6883335113525,26.1560001373291,-4.37200021743774,336,49,-0.419999986886978,181.399993896484,25.3799991607666
"species",13,13,371,12.5069999694824,25.1119995117188,-1.88800001144409,888,28,0.319999992847443,169.699996948242,31.1200008392334
"species",14,14,638,12.0804996490479,25.5480003356934,-2.23200011253357,682,19,-0.00999999977648258,185.610000610352,37.5099983215332
"species",15,15,98,13.3783330917358,23.7600002288818,0.995999991893768,548,13,-0.0399999991059303,151.770004272461,40.939998626709
"species",16,16,533,13.8988332748413,29.6879997253418,-2.0479998588562,410,13,-0.449999988079071,203.279998779297,42.1199989318848
"species",17,17,160,15.7014999389648,28.57200050354,0.924000024795532,259,6,-0.610000014305115,177.5,47.2599983215332
"species",18,18,279,17.8535003662109,31.923999786377,5.16400003433228,224,7,-0.790000021457672,185.440002441406,78.7699966430664
"species",19,19,262,18.0903339385986,33.1279983520508,3.98799991607666,143,7,-0.839999973773956,174.470001220703,79.2300033569336
"species",20,20,41,16.5668334960938,29.07200050354,5.16400003433228,150,4,-0.870000004768372,166.669998168945,92.3899993896484
"species",21,21,866,5.49483346939087,15.4840002059937,-4.47200012207031,1177,300,0.759999990463257,83.0699996948242,10.460000038147
"species",22,22,59,9.3968334197998,20.5,-3.19199991226196,1011,138,0.589999973773956,128.020004272461,13.0699996948242
"species",23,23,55,10.0424995422363,18.5,0.639999985694885,367,70,0.180000007152557,116.089996337891,15.3199996948242
"species",24,24,31,10.4253330230713,20.7799987792969,-0.372000008821487,357,66,0.0199999995529652,107.440002441406,14.6199998855591
"species",25,25,418,11.6893329620361,22.7159996032715,0.448000013828278,821,52,0.349999994039536,148.580001831055,29.6000003814697
"species",26,26,310,12.7678337097168,25.6439990997314,-2.01600003242493,881,27,0.300000011920929,174.779998779297,31.3500003814697
"species",27,27,879,11.4855003356934,24.7759990692139,-2.08800005912781,715,24,0.0599999986588955,180.139999389648,35.3699989318848
"species",28,28,913,21.4606666564941,27.2439994812012,16.0639991760254,991,450,0.5,131.770004272461,108.519996643066
"species",29,29,22,26.1321659088135,30.4640007019043,21.7959995269775,1044,359,0.600000023841858,136.539993286133,123.300003051758
"species",30,30,89,26.304500579834,30.8880004882812,22.1240005493164,1006,93,0.419999986886978,118.769996643066,113.51000213623
"species",31,31,106,26.2224998474121,30.4440002441406,22.0960006713867,917,88,0.189999997615814,122.230003356934,112.73999786377
"species",32,32,248,25.8435001373291,30.6359996795654,21.3479995727539,1283,88,0.569999992847443,134.529998779297,118.51000213623
"species",33,33,145,27.7754993438721,33.2360000610352,22.4799995422363,871,310,0.270000010728836,150.100006103516,149.399993896484
"species",34,34,100,25.6665000915527,29.9599990844727,21.8279991149902,2103,1317,0.779999971389771,120.98999786377,119.580001831055
"species",35,35,173,27.6521663665771,33.1240005493164,22.2719993591309,883,330,0.25,148.809997558594,141.539993286133
"species",36,36,62,26.2851676940918,30.9839992523193,21.9400005340576,1790,1140,0.810000002384186,136.229995727539,127.529998779297
"species",37,37,2513,12.3365001678467,17.6399993896484,6.85200023651123,1263,239,0.579999983310699,92.870002746582,91.3000030517578
"species",38,38,2152,15.4409999847412,21.1560001373291,9.55200004577637,756,64,0.370000004768372,97.4400024414062,103.75
"species",39,39,1549,18.2036666870117,24.7040004730225,11.5159997940063,753,32,0.109999999403954,118.900001525879,122.180000305176
"species",40,40,2984,9.53016662597656,14.8240003585815,3.87199997901917,1084,92,0.629999995231628,78.3099975585938,77.1100006103516
"species",41,41,1218,19.7566661834717,25.5359992980957,14.1680002212524,1054,532,0.5,119.720001220703,111.150001525879
"species",42,42,654,23.7288341522217,28.8560009002686,19.3439998626709,1051,81,0.490000009536743,122.870002746582,110.790000915527
"species",43,43,1994,15.1014995574951,20.5440006256104,9.58800029754639,1291,541,0.490000009536743,104.849998474121,102.449996948242
"species",44,44,1664,17.7950000762939,23.7439994812012,11.5799999237061,715,91,0.189999997615814,111.440002441406,119.389999389648
"species",45,45,131,25.8533325195312,30.0359992980957,21.8120002746582,865,202,0.209999993443489,118.819999694824,120.569999694824
"species",46,46,1755,17.894832611084,24.3880004882812,11.2320003509521,649,135,0.310000002384186,120.019996643066,115.23999786377
"species",47,47,2314,14.7008333206177,21.7280006408691,7.03599977493286,833,32,0.28999999165535,94.9400024414062,112.980003356934
"species",48,48,945,21.1536674499512,26.9079990386963,15.6520004272461,991,434,0.509999990463257,134.259994506836,126.949996948242
"species",49,49,302,24.7451667785645,29.8479995727539,19.3680000305176,1080,696,0.509999990463257,140.660003662109,124.319999694824
"species",50,50,212,25.3461666107178,30.6800003051758,19.576000213623,961,522,0.430000007152557,143.479995727539,119.98999786377
"species",51,51,2177,15.2241668701172,22.2520008087158,7.69199991226196,902,46,0.340000003576279,98.2200012207031,116.330001831055
"species",52,52,605,24.6564998626709,31.2080001831055,17.5400009155273,1446,70,0.600000023841858,133.720001220703,147.320007324219
"species",53,53,2395,14.4641666412354,21.2479991912842,7.36399984359741,722,20,0.119999997317791,98.8499984741211,117.550003051758
"species",54,54,915,22.1735000610352,28.5799999237061,16.431999206543,1208,162,0.560000002384186,136.679992675781,118.819999694824
"species",55,55,1812,17.6968326568604,24.2399997711182,10.8159999847412,941,236,0.620000004768372,102.209999084473,106.690002441406
"species",56,56,1391,22.7403335571289,29.6439990997314,15.2600002288818,850,19,-0.0399999991059303,150.759994506836,133.320007324219
"species",57,57,1622,18.193000793457,23.9640007019043,12.2080001831055,640,85,0.25,123,97.9100036621094
"species",58,58,480,24.1003341674805,31.3479995727539,16.3199996948242,660,18,-0.330000013113022,143.309997558594,164.919998168945
"species",59,59,365,24.7835006713867,29.3479995727539,20.6639995574951,1016,198,0.490000009536743,121.120002746582,108.309997558594
"species",60,60,27,27.4696674346924,32.7480010986328,22.2759990692139,1637,1358,0.75,145.970001220703,143.369995117188
"species",61,61,57,26.949333190918,32.0799980163574,21.7479991912842,2022,1433,0.769999980926514,143.619995117188,142.869995117188
"species",62,62,16,25.2726669311523,33.8920021057129,15.6199998855591,518,133,-0.25,124.440002441406,159.679992675781
"species",63,63,26,25.279333114624,33.6520004272461,16.007999420166,517,140,-0.239999994635582,124.900001525879,143.399993896484
"species",64,64,179,25.582332611084,33.6240005493164,17.1879997253418,888,194,0.180000007152557,154.550003051758,142.630004882812
"species",65,65,214,25.5993328094482,33.439998626709,17.2320003509521,990,194,0.150000005960464,122.680000305176,119.970001220703
"species",66,66,16,26.4643325805664,32.1399993896484,19.8759994506836,847,189,0.389999985694885,120.050003051758,124.650001525879
"species",67,67,4,27.007999420166,32.9560012817383,20.3999996185303,1150,215,0.46000000834465,138.770004272461,138.630004882812
"species",68,68,1997,16.1278324127197,22.2040004730225,9.85200023651123,591,82,0.239999994635582,116.209999084473,99.7799987792969
"species",69,69,632,23.6269989013672,29.8080005645752,17.003999710083,728,186,0.239999994635582,141.100006103516,134.139999389648
"species",70,70,1949,15.2283334732056,20.6520004272461,9.76399993896484,1224,461,0.490000009536743,106.339996337891,103.809997558594
"species",71,71,41,26.6420001983643,31.3479995727539,22.1119995117188,848,16,-0.129999995231628,146.149993896484,137.149993896484
"species",72,72,722,24.2266674041748,32.1720008850098,15.7959995269775,516,20,-0.379999995231628,123.389999389648,149.929992675781
"species",73,73,694,24.4781665802002,33.0999984741211,15.6120004653931,600,7,-0.509999990463257,129.539993286133,161.419998168945
"species",74,74,1290,20.9553337097168,27.4479999542236,13.9160003662109,1423,98,0.519999980926514,121.059997558594,142.990005493164
"species",75,75,1033,21.4183330535889,28.42799949646,14.2720003128052,595,60,-0.100000001490116,128.850006103516,137.210006713867
"species",76,76,712,23.5473327636719,28.4039993286133,18.2679996490479,885,401,0.379999995231628,134.070007324219,119.970001220703
"species",77,77,2915,11.6938333511353,17.7240009307861,5.38800001144409,522,294,0.239999994635582,104.940002441406,86.9300003051758
"species",78,78,1831,17.6281661987305,23.5799999237061,11.5,635,268,0.469999998807907,132,109.830001831055
"species",79,79,8,26.5970001220703,31.0400009155273,22.4839992523193,1275,257,0.219999998807907,148.070007324219,134.929992675781
"species",80,80,79,25.9720001220703,32.3079986572266,20.007999420166,1096,112,0.270000010728836,156.009994506836,127.75
"species",81,81,315,24.6830005645752,29.7320003509521,19.3039989471436,1131,702,0.5,141.169998168945,124.519996643066
"species",82,82,217,25.3593330383301,30.7520008087158,19.3999996185303,988,567,0.419999986886978,144.089996337891,118.959999084473
"species",83,83,280,25.3586673736572,30.7840003967285,19.5400009155273,920,655,0.419999986886978,147.610000610352,127.349998474121
"species",84,84,226,25.542667388916,30.9799995422363,19.5240001678467,967,618,0.430000007152557,145.580001831055,119.51000213623
"species",85,85,821,23.4258327484131,29.7000007629395,16.988000869751,460,241,0.0500000007450581,108.919998168945,119.970001220703
"species",86,86,2775,10.5671663284302,15.6719999313354,5.17600011825562,1020,59,0.660000026226044,82.0699996948242,81.3899993896484
"species",87,87,2552,11.5151662826538,16.5799999237061,6.30000019073486,1193,202,0.670000016689301,87.9800033569336,87.5800018310547
"species",88,88,822,21.0128326416016,29.8400001525879,11.1319999694824,834,149,-0.00999999977648258,101.620002746582,154.979995727539
"species",89,89,1871,15.3556661605835,22.7919998168945,7.17199993133545,569,116,0.170000001788139,95.3499984741211,117.889999389648
"species",90,90,5,25.6901664733887,33.9120025634766,16.7959995269775,789,81,0.0799999982118607,137.660003662109,132.559997558594
"species",91,91,25,25.9143333435059,34.5999984741211,16.7759990692139,1403,119,0.28999999165535,116.349998474121,143.779998779297
"species",92,92,45,25.4080009460449,34.2519989013672,16.2000007629395,1135,122,0.219999998807907,143.970001220703,147.050003051758
"species",93,93,1195,20.5341663360596,27.3120002746582,13.4759998321533,475,102,0.0500000007450581,135.320007324219,119.75
"species",94,94,275,23.0713329315186,32.2360000610352,12.423999786377,709,154,-0.0799999982118607,105.529998779297,151.160003662109
"species",95,95,902,21.6436672210693,28.8439998626709,14.03600025177,1199,158,0.529999971389771,131.860000610352,119.819999694824
"species",96,96,26,25.9130001068115,34.6759986877441,16.7159996032715,1386,114,0.259999990463257,116.959999084473,144.210006713867
"species",97,97,24,25.5716667175293,34.1319999694824,16.4039993286133,1398,206,0.419999986886978,144.130004882812,145.720001220703
"species",98,98,1031,21.1025009155273,28.6800003051758,12.8800001144409,843,171,0.0799999982118607,130.830001831055,152.729995727539
"species",99,99,331,25.3961658477783,32.2719993591309,17.9799995422363,1279,238,0.519999980926514,160.139999389648,154.100006103516
"species",100,100,787,22.7571659088135,28.8759994506836,16.0399990081787,1613,291,0.589999973773956,125.949996948242,125.680000305176
"species",101,101,634,23.7884998321533,31.2399997711182,16.003999710083,428,89,-0.310000002384186,133.919998168945,151.860000610352
"species",102,102,1821,16.2666664123535,21.9160003662109,10.6960000991821,1363,94,0.519999980926514,109.910003662109,106.599998474121
"species",103,103,1564,19.22483253479,26.6840000152588,11.4079999923706,580,23,-0.379999995231628,113.790000915527,140.100006103516
"species",104,104,616,24.923999786377,33.0400009155273,16.8080005645752,797,29,-0.330000013113022,151.279998779297,147.270004272461
"species",105,105,1056,20.7643337249756,25.6959991455078,15.539999961853,1098,275,0.5,135.860000610352,116.930000305176
"species",106,106,2006,15.6925001144409,21.2919998168945,9.83600044250488,1286,317,0.579999983310699,108.099998474121,99.7200012207031
"species",107,107,956,20.8579998016357,31.5200004577637,8.51200008392334,522,66,-0.400000005960464,92.6500015258789,153.589996337891
"species",108,108,1738,16.4011669158936,23.6159992218018,8.5,682,140,0.280000001192093,94.1800003051758,118.370002746582
"species",109,109,1769,18.1903324127197,29.7040004730225,5.07200002670288,213,43,-0.629999995231628,85.0100021362305,151.889999389648
"species",110,110,1145,20.9516658782959,31.8120002746582,8.87199974060059,380,37,-0.569999992847443,117.050003051758,159.009994506836
"species",111,111,907,22.05299949646,28.4080009460449,15.3439998626709,790,87,0.00999999977648258,143.179992675781,130.070007324219
"species",112,112,983,21.4951667785645,27.9039993286133,14.8360004425049,817,144,0.189999997615814,140.119995117188,133.690002441406
"species",113,113,2166,15.3981666564941,21.423999786377,9.43599987030029,787,160,0.569999992847443,100,103.300003051758
"species",114,114,1205,20.408332824707,26.9640007019043,13.1719999313354,1192,259,0.469999998807907,126.769996643066,125.319999694824
"species",115,115,2468,13.8633337020874,20.7520008087158,6.34000015258789,839,26,0.319999992847443,90.7399978637695,111.099998474121
"species",116,116,1878,16.9873332977295,23.8120002746582,9.59200000762939,1040,218,0.230000004172325,125.769996643066,123.26000213623
"species",117,117,2726,12.3981666564941,19.5160007476807,4.68800020217896,647,32,0.00999999977648258,92.9599990844727,109.449996948242
"species",118,118,1818,17.238000869751,23.6599998474121,10.7159996032715,652,92,0.180000007152557,106.5,113.480003356934
"species",119,119,664,24.4488334655762,31.3000011444092,16.9720001220703,1333,21,0.379999995231628,137.690002441406,158.729995727539
"species",120,120,1022,22.2498340606689,30.6639995574951,13.6239995956421,601,57,-0.360000014305115,133.399993896484,155.75
"species",121,121,1361,20.5458335876465,27.8439998626709,12.8280000686646,437,53,-0.109999999403954,119.580001831055,130.669998168945
"species",122,122,1053,21.2436676025391,28.2959995269775,14.0679998397827,461,98,-0.0599999986588955,140.589996337891,124.139999389648
"species",123,123,2209,14.4578332901001,20.2719993591309,8.49600028991699,1107,147,0.560000002384186,92.9100036621094,93.5400009155273
"species",124,124,1251,19.8384990692139,24.6959991455078,14.5959997177124,915,191,0.469999998807907,124.220001220703,111.910003662109
"species",125,125,2671,10.412166595459,17.7000007629395,2.73199987411499,453,55,-0.280000001192093,108.040000915527,120.449996948242
"species",126,126,1822,18.1340007781982,27.0879993438721,9.07199954986572,1028,87,0.230000004172325,113.419998168945,121.709999084473
"species",127,127,1696,18.5738334655762,26.1079998016357,10.9399995803833,1458,182,0.280000001192093,113.970001220703,121.860000610352
"species",128,128,2307,12.5701665878296,21.1840000152588,3.84800004959106,335,45,-0.550000011920929,99.629997253418,131.389999389648
