"species","x","y","alt","wc2.0_bio_2.5m_1","wc2.0_bio_2.5m_5","wc2.0_bio_2.5m_6","wc2.0_bio_2.5m_16","wc2.0_bio_2.5m_17","current_2.5arcmin_climaticMoistureIndex","current_2.5arcmin_PETDriestQuarter","current_2.5arcmin_PETWettestQuarter","Cropped_Cloud"
"species",1,1,866,5.49483346939087,15.4840002059937,-4.47200012207031,1177,300,0.759999990463257,83.0699996948242,10.460000038147,197.208923339844
"species",2,2,59,9.3968334197998,20.5,-3.19199991226196,1011,138,0.589999973773956,128.020004272461,13.0699996948242,180.691650390625
"species",3,3,87,9.68166637420654,19.6800003051758,-1.26400005817413,640,88,0.449999988079071,106.459999084473,14.8100004196167,167.936752319336
"species",4,4,31,10.4253330230713,20.7799987792969,-0.372000008821487,357,66,0.0199999995529652,107.440002441406,14.6199998855591,158.516754150391
"species",5,5,365,9.83899974822998,19.1639995574951,0.136000007390976,1219,134,0.610000014305115,131.880004882812,22.1100006103516,151.341354370117
"species",6,6,802,9.00600051879883,19.4079990386963,-2.08400011062622,1036,157,0.610000014305115,136.919998168945,18.9400005340576,152.422576904297
"species",7,7,1074,10.337833404541,21.9400005340576,-2.25600004196167,957,76,0.389999985694885,138.869995117188,23.6700000762939,105.42951965332
"species",8,8,371,12.5069999694824,25.1119995117188,-1.88800001144409,888,28,0.319999992847443,169.699996948242,31.1200008392334,72.0652923583984
"species",9,9,1360,10.4273338317871,25.4640007019043,-4.69600009918213,690,34,0.170000001788139,168.75,35.3199996948242,64.3480911254883
"species",10,10,160,15.7014999389648,28.57200050354,0.924000024795532,259,6,-0.610000014305115,177.5,47.2599983215332,54.6091613769531
"species",11,11,82,16.4576663970947,32.8400001525879,-2.05999994277954,175,4,-0.769999980926514,212.5,44.5200004577637,62.900333404541
"species",12,12,621,12.8064994812012,24.4360008239746,2.25600004196167,370,7,-0.620000004768372,166.190002441406,64.1399993896484,36.8583221435547
"species",13,13,995,12.8358335494995,27.1359996795654,0.492000013589859,316,7,-0.449999988079071,165.75,57.5499992370605,36.7867431640625
"species",14,14,279,17.8535003662109,31.923999786377,5.16400003433228,224,7,-0.790000021457672,185.440002441406,78.7699966430664,45.2668151855469
"species",15,15,262,18.0903339385986,33.1279983520508,3.98799991607666,143,7,-0.839999973773956,174.470001220703,79.2300033569336,33.8074836730957
"species",16,16,41,16.5668334960938,29.07200050354,5.16400003433228,150,4,-0.870000004768372,166.669998168945,92.3899993896484,33.1812019348145
"species",17,17,1769,18.1903324127197,29.7040004730225,5.07200002670288,213,43,-0.629999995231628,85.0100021362305,151.889999389648,127.238296508789
"species",18,18,594,23.0189990997314,33.2000007629395,11.2360000610352,766,79,-0.0299999993294477,120.930000305176,159.100006103516,108.846870422363
"species",19,19,16,25.2726669311523,33.8920021057129,15.6199998855591,518,133,-0.25,124.440002441406,159.679992675781,177.86994934082
"species",20,20,1940,17.1418342590332,27.3360004425049,6.20799970626831,584,66,-0.0399999991059303,101.449996948242,116.910003662109,129.940765380859
"species",21,21,1871,15.3556661605835,22.7919998168945,7.17199993133545,569,116,0.170000001788139,95.3499984741211,117.889999389648,195.575119018555
"species",22,22,28,25.757833480835,34.2120018005371,16.8479995727539,985,85,0.310000002384186,135.539993286133,130.960006713867,158.771728515625
"species",23,23,1391,22.7403335571289,29.6439990997314,15.2600002288818,850,19,-0.0399999991059303,150.759994506836,133.320007324219,188.071868896484
"species",24,24,63,25.2741661071777,33.5120010375977,16.4440002441406,1547,231,0.479999989271164,144.440002441406,145.139999389648,185.229293823242
"species",25,25,1539,18.7616672515869,26.1399993896484,10.9160003662109,811,131,0.25,120.589996337891,136.979995727539,152.360000610352
"species",26,26,214,25.5993328094482,33.439998626709,17.2320003509521,990,194,0.150000005960464,122.680000305176,119.970001220703,193.403549194336
"species",27,27,16,26.4643325805664,32.1399993896484,19.8759994506836,847,189,0.389999985694885,120.050003051758,124.650001525879,165.114868164062
"species",28,28,779,23.4646663665771,30.8400001525879,15.3760004043579,925,3,-0.0700000002980232,131.289993286133,152,158.252380371094
"species",29,29,11,26.9901676177979,33.4679985046387,19.9440002441406,1083,181,0.300000011920929,148.460006713867,150.460006713867,143.500625610352
"species",30,30,1997,16.1278324127197,22.2040004730225,9.85200023651123,591,82,0.239999994635582,116.209999084473,99.7799987792969,192.417190551758
"species",31,31,632,23.6269989013672,29.8080005645752,17.003999710083,728,186,0.239999994635582,141.100006103516,134.139999389648,198.010055541992
"species",32,32,68,26.3024997711182,30.8680000305176,21.7999992370605,849,53,0.209999993443489,159.889999389648,134.779998779297,143.674072265625
"species",33,33,311,24.707332611084,30.2560005187988,19.5440006256104,1192,421,0.620000004768372,141.039993286133,131.410003662109,227.953628540039
"species",34,34,775,22.1726665496826,27.7880001068115,16.7119998931885,1070,430,0.490000009536743,125.959999084473,115.48999786377,230.488433837891
"species",35,35,54,26.4811668395996,30.9599990844727,22.4839992523193,958,88,0.400000005960464,119,114.040000915527,208.960372924805
"species",36,36,96,26.2625007629395,30.5360012054443,22.1159992218018,917,66,0.170000001788139,122.459999084473,112.559997558594,214.241561889648
"species",37,37,145,27.7754993438721,33.2360000610352,22.4799995422363,871,310,0.270000010728836,150.100006103516,149.399993896484,191.503997802734
"species",38,38,173,27.6521663665771,33.1240005493164,22.2719993591309,883,330,0.25,148.809997558594,141.539993286133,195.192520141602
"species",39,39,62,26.2851676940918,30.9839992523193,21.9400005340576,1790,1140,0.810000002384186,136.229995727539,127.529998779297,224.464859008789
"species",40,40,163,25.7690010070801,32.2280006408691,20.1079998016357,957,213,0.330000013113022,154.960006713867,124.129997253418,179.720825195312
"species",41,41,212,25.3461666107178,30.6800003051758,19.576000213623,961,522,0.430000007152557,143.479995727539,119.98999786377,216.028457641602
"species",42,42,8,26.5970001220703,31.0400009155273,22.4839992523193,1275,257,0.219999998807907,148.070007324219,134.929992675781,202.872055053711
