"species","x","y","alt","wc2.0_bio_2.5m_1","wc2.0_bio_2.5m_5","wc2.0_bio_2.5m_6","wc2.0_bio_2.5m_16","wc2.0_bio_2.5m_17","current_2.5arcmin_climaticMoistureIndex","current_2.5arcmin_PETDriestQuarter","current_2.5arcmin_PETWettestQuarter","Cropped_Cloud"
"species",1,1,396,7.23366641998291,24.6439990997314,-12.9759998321533,284,162,-0.0399999991059303,27.1200008392334,152.440002441406,193.220153808594
"species",2,2,431,6.9835000038147,24.1280002593994,-12.8520002365112,293,211,0.140000000596046,24.9500007629395,140.279998779297,198.372009277344
"species",3,3,575,14.1333332061768,28.0520000457764,-0.504000008106232,734,41,0.150000005960464,198.050003051758,34.189998626709,68.5364227294922
"species",4,4,221,11.2318334579468,29.8439998626709,-10.3000001907349,328,130,-0.0700000002980232,21.7700004577637,153.240005493164,161.444305419922
"species",5,5,206,10.3026666641235,28.503999710083,-11.5799999237061,312,149,-0.0700000002980232,19.8799991607666,155,176.087982177734
"species",6,6,258,10.5853328704834,28.492000579834,-10.5080003738403,319,183,-0.0299999993294477,21.8799991607666,157.720001220703,181.656448364258
"species",7,7,592,7.95233345031738,24.3400001525879,-11.4840002059937,331,226,0.159999996423721,18.1900005340576,144.899993896484,194.3017578125
"species",8,8,141,9.83783340454102,28.1359996795654,-10.3839998245239,338,254,0.100000001490116,21.5100002288818,152.550003051758,174.783752441406
"species",9,9,225,12.8575000762939,31.6040000915527,-7.7039999961853,350,143,-0.109999999403954,30.3799991607666,142.889999389648,137.229385375977
"species",10,10,196,12.6639995574951,31.1639995574951,-7.88000011444092,306,171,-0.170000001788139,30.4599990844727,146.970001220703,139.858245849609
"species",11,11,120,13.066333770752,30.9400005340576,-7.56799983978271,347,229,-0.0599999986588955,119.980003356934,106.230003356934,171.781021118164
"species",12,12,250,12.1426668167114,29.6639995574951,-7.60799980163574,350,252,0.0199999995529652,116.769996643066,104.73999786377,162.479507446289
"species",13,13,202,12.0366668701172,29.7760009765625,-7.57200002670288,328,235,-0.0299999993294477,29.2399997711182,161.389999389648,166.004913330078
"species",14,14,345,11.5815000534058,28.8360004425049,-7.36800003051758,341,259,0.0299999993294477,30.6100006103516,162.580001831055,169.62776184082
"species",15,15,339,11.8275003433228,29.6480007171631,-7.2039999961853,273,188,-0.180000007152557,31,148.949996948242,159.278182983398
"species",16,16,58,12.9901666641235,30.5279998779297,-5.60799980163574,318,245,-0.0199999995529652,29.8799991607666,160.160003662109,162.04296875
"species",17,17,428,13.8476667404175,31.5960006713867,-4.94400024414062,345,210,-0.0700000002980232,37.9700012207031,144.520004272461,124.996742248535
"species",18,18,138,14.4975004196167,32.2999992370605,-4.7519998550415,384,279,0.0799999982118607,126.529998779297,117.639999389648,148.937393188477
"species",19,19,222,14.3278331756592,31.9440002441406,-4.35200023651123,388,292,0.0900000035762787,125.800003051758,118.519996643066,157.636108398438
"species",20,20,314,13.5763330459595,31.5639991760254,-5.0479998588562,340,248,0,120.769996643066,165.679992675781,144.792617797852
"species",21,21,930,10.3859996795654,26.6879997253418,-6.61199998855591,334,259,0.119999997317791,33.2200012207031,145.639999389648,158.016754150391
"species",22,22,101,14.4936666488647,31.2679996490479,-2.54399991035461,295,250,-0.129999995231628,58.1199989318848,170.080001831055,128.362747192383
"species",23,23,16,15.0746669769287,32.6199989318848,-2.68400001525879,346,247,-0.0700000002980232,57.5499992370605,167.779998779297,134.031478881836
"species",24,24,301,15.9356670379639,33.0880012512207,-2.00399994850159,405,221,-0.0500000007450581,46.4599990844727,151.179992675781,124.69059753418
"species",25,25,68,17.5513324737549,33.8279991149902,0.38400000333786,447,264,0.0299999993294477,135.800003051758,128.5,139.134384155273
"species",26,26,78,16.720832824707,33.9799995422363,-1.05200004577637,420,266,0.0599999986588955,131.660003662109,94.1999969482422,135.066772460938
"species",27,27,296,15.2863340377808,32.4360008239746,-2.36800003051758,428,277,0.100000001490116,127.599998474121,90.3399963378906,140.122680664062
"species",28,28,244,16.2621669769287,32.7760009765625,-0.951999962329865,385,266,-0.0299999993294477,92.7099990844727,64.75,131.647308349609
"species",29,29,91,17.4409999847412,34.2400016784668,0.439999997615814,373,228,-0.150000005960464,72,177.940002441406,139.75276184082
"species",30,30,8,18.4196662902832,33.8600006103516,3.21199989318848,468,231,0.00999999977648258,67.5599975585938,152,128.168075561523
"species",31,31,540,18.4853343963623,35.476001739502,0.699999988079071,215,87,-0.610000014305115,62.6100006103516,175.779998779297,122.602233886719
"species",32,32,127,18.1595001220703,33.7599983215332,1.80400002002716,462,308,0.0599999986588955,106.430000305176,77.0400009155273,128.329177856445
"species",33,33,78,18.1024990081787,34.2080001831055,1.5440000295639,439,300,0.0399999991059303,139.139999389648,77.0400009155273,126.277435302734
"species",34,34,76,18.8519992828369,33.923999786377,3.10799980163574,404,254,-0.0399999991059303,106.339996337891,172.520004272461,158.470916748047
"species",35,35,38,18.8783340454102,34.2239990234375,3.14800000190735,414,210,-0.150000005960464,75.1500015258789,173.979995727539,139.042495727539
"species",36,36,23,21.4969997406006,34.3120002746582,8.22000026702881,568,195,-0.109999999403954,90.2300033569336,170.610000610352,133.043045043945
