"species","x","y","alt","wc2.0_bio_2.5m_1","wc2.0_bio_2.5m_5","wc2.0_bio_2.5m_6","wc2.0_bio_2.5m_16","wc2.0_bio_2.5m_17","wc2.0_bio_2.5m_12","current_2.5arcmin_climaticMoistureIndex","current_2.5arcmin_PETDriestQuarter","current_2.5arcmin_PETWettestQuarter","IPCCconcert"
"species",1,1,288,17.2005004882812,29.6919994354248,6.2039999961853,232,5,400,-0.660000026226044,160.320007324219,73.1500015258789,0.455882340669632
"species",2,2,18,18.1533336639404,29.4440002441406,7.45599985122681,217,5,340,-0.75,142.389999389648,73.4599990844727,0.452287584543228
"species",3,3,191,17.4171657562256,29.8120002746582,6.31199979782104,240,6,392,-0.740000009536743,166.740005493164,77.120002746582,0.452287584543228
"species",4,4,556,17.154333114624,33.5200004577637,1.89199995994568,224,9,382,-0.699999988079071,187.490005493164,73.8099975585938,0.443464040756226
"species",5,5,618,17.3206672668457,34.7319984436035,0.319999992847443,192,13,344,-0.740000009536743,200.860000610352,74.6999969482422,0.424509793519974
"species",6,6,154,16.1455554962158,25.1399993896484,8.53333282470703,176,2,299,-0.709999978542328,115.540000915527,49.25,0.441830068826675
"species",7,7,744,16.1806659698486,30.7679996490479,3.04800009727478,272,11,491,-0.560000002384186,165.330001831055,67.0899963378906,0.453267961740494
"species",8,8,470,16.9168338775635,32.8880004882812,2.51200008392334,194,11,355,-0.730000019073486,184.589996337891,75.2200012207031,0.431699335575104
"species",9,9,130,17.7600002288818,31.3080005645752,5.24399995803833,188,6,332,-0.759999990463257,157.740005493164,76.4800033569336,0.440196067094803
"species",10,10,109,18.2045001983643,29.92799949646,7.44000005722046,176,6,301,-0.769999980926514,138.210006713867,74.0400009155273,0.443137258291245
"species",11,11,680,16.4015007019043,31.3840007781982,3.09599995613098,232,16,432,-0.699999988079071,191.190002441406,74.5599975585938,0.421895414590836
"species",12,12,1180,14.421667098999,31.496000289917,-2.07599997520447,176,23,362,-0.730000019073486,175.389999389648,65.1600036621094,0.421895414590836
"species",13,13,31,17.122917175293,27.7214279174805,7.72857141494751,151,5,255,-0.810000002384186,128.899993896484,73.5699996948242,0.443137258291245
"species",14,14,444,17.1494998931885,31.3239994049072,4.01200008392334,168,9,301,-0.779999971389771,170.669998168945,76.9800033569336,0.421895414590836
"species",15,15,1034,15.2069997787476,30.6760005950928,0.19200000166893,160,26,331,-0.75,175.220001220703,68.8899993896484,0.421895414590836
"species",16,16,293,16.9143333435059,29.7959995269775,6.07200002670288,170,4,301,-0.759999990463257,151.699996948242,76.0199966430664,0.419281035661697
"species",17,17,667,16.5428333282471,32.8320007324219,1.34399998188019,160,12,289,-0.790000021457672,171.479995727539,76.0299987792969,0.419281035661697
"species",18,18,535,16.6161670684814,30.4400005340576,3.95600008964539,161,8,292,-0.790000021457672,160.339996337891,78.2699966430664,0.411437898874283
"species",19,19,269,16.046667098999,27.8039989471436,5.91200017929077,156,7,276,-0.800000011920929,156.919998168945,84.1999969482422,0.411437898874283
"species",20,20,1089,15.4980001449585,31.0799999237061,-0.228000000119209,109,11,253,-0.779999971389771,145,74.2699966430664,0.377450972795486
"species",21,21,190,17.0100002288818,30.7360000610352,4.3600001335144,138,6,255,-0.850000023841858,162.789993286133,76.2300033569336,0.40098038315773
"species",22,22,1552,13.4391670227051,27.996000289917,-0.648000001907349,126,13,287,-0.649999976158142,128.960006713867,66.4199981689453,0.40098038315773
"species",23,23,14,16.2848339080811,28.1599998474121,5.23199987411499,113,2,189,-0.889999985694885,172.380004882812,97.4000015258789,0.39934641122818
"species",24,24,44,26.4755001068115,30.6240005493164,22.6439990997314,980,100,2459,0.600000023841858,101.830001831055,102.180000305176,0.564379096031189
"species",25,25,156,26.0126667022705,30.8680000305176,21.6720008850098,1013,95,2581,0.5,116.550003051758,110.889999389648,0.57745099067688
"species",26,26,466,24.1936664581299,29.1520004272461,19.7759990692139,1025,215,2916,0.550000011920929,118.879997253418,107.309997558594,0.580392181873322
"species",27,27,350,24.8833332061768,29.4160003662109,20.7880001068115,975,158,2494,0.469999998807907,121.400001525879,108.099998474121,0.580392181873322
"species",28,28,284,25.2483329772949,29.5839996337891,21,1019,195,2730,0.389999985694885,119.470001220703,109.419998168945,0.582352936267853
"species",29,29,63,26.2794990539551,30.9680004119873,22.0200004577637,1112,309,3084,0.579999983310699,126.519996643066,109.819999694824,0.542483687400818
"species",30,30,116,26.3561668395996,31.2040004730225,22.1200008392334,1069,198,2923,0.589999973773956,119.370002746582,107.279998779297,0.542483687400818
"species",31,31,146,26.3238334655762,31.3279991149902,22.0839996337891,1059,117,2583,0.409999996423721,119.339996337891,114.73999786377,0.544771254062653
"species",32,32,196,26.4405002593994,31.3680000305176,22.1119995117188,937,44,2140,0.330000013113022,130.210006713867,118.129997253418,0.620261430740356
"species",33,33,52,26.7765007019043,31.3519992828369,22.507999420166,903,79,2292,0.400000005960464,129.009994506836,127.160003662109,0.687908470630646
"species",34,34,183,26.1786670684814,30.9200000762939,21.6560001373291,1081,82,2830,0.509999990463257,133.289993286133,118.919998168945,0.72450977563858
"species",35,35,4,27.3299999237061,32.076000213623,22.6680011749268,1061,169,3056,0.439999997615814,135.580001831055,131.110000610352,0.711764693260193
"species",36,36,17,27.5561656951904,32.4680023193359,22.7919998168945,1061,256,3057,0.569999992847443,138.020004272461,136.589996337891,0.724183022975922
"species",37,37,711,23.6184997558594,28.5440006256104,18.9879989624023,975,498,2998,0.439999997615814,135.139999389648,129.25,0.724183022975922
"species",38,38,319,25.6005001068115,30.8439998626709,20.6679992675781,1040,435,3092,0.439999997615814,143.490005493164,138.009994506836,0.734967291355133
"species",39,39,830,22.9064998626709,27.8320007324219,18.57200050354,873,356,2650,0.5,135.139999389648,131.940002441406,0.715359449386597
"species",40,40,152,26.8471660614014,32.6359977722168,21.8120002746582,1176,228,3278,0.560000002384186,147.240005493164,145.690002441406,0.715359449386597
"species",41,41,52,26.3583335876465,30.8600006103516,22.1299991607666,1354,50,3364,0.620000004768372,135.559997558594,117.300003051758,0.670588254928589
"species",42,42,328,25.5726661682129,30.3239994049072,21.0879993438721,1340,236,3279,0.589999973773956,134.759994506836,119.099998474121,0.765686273574829
"species",43,43,17,27.5433330535889,32.3720016479492,22.6640014648438,1281,449,3995,0.550000011920929,140.229995727539,131.850006103516,0.743464052677155
"species",44,44,143,27.155834197998,32.3759994506836,22.0520000457764,1210,571,4027,0.610000014305115,143.119995117188,135.929992675781,0.742483675479889
"species",45,45,1116,21.8484992980957,26.7159996032715,17.2679996490479,989,361,3022,0.419999986886978,133.059997558594,119.180000305176,0.742483675479889
"species",46,46,351,25.4254989624023,30.2399997711182,20.7880001068115,1427,269,3257,0.639999985694885,136.169998168945,120.720001220703,0.765686273574829
"species",47,47,88,27.4376659393311,32.2719993591309,22.6079998016357,1420,646,4624,0.620000004768372,142.630004882812,136.839996337891,0.743464052677155
"species",48,48,32,28.0069999694824,33.3359985351562,22.6319999694824,1382,474,4310,0.610000014305115,147.190002441406,143.190002441406,0.742483675479889
"species",49,49,109,27.0946655273438,31.9519996643066,22.1840000152588,1479,1179,5478,0.709999978542328,141.899993896484,136.169998168945,0.777777791023254
"species",50,50,35,27.8489990234375,33.2159996032715,22.5599994659424,1574,967,5301,0.699999988079071,147.240005493164,142.350006103516,0.725163400173187
"species",51,51,424,24.9540004730225,29.9799995422363,20.1639995574951,1601,970,5055,0.75,137.149993896484,122.930000305176,0.827777802944183
"species",52,52,242,25.496166229248,30.3680000305176,20.9079990386963,1843,1127,5986,0.759999990463257,135.100006103516,131.809997558594,0.826470613479614
"species",53,53,188,25.6083335876465,30.3080005645752,21.2880001068115,2149,1090,6619,0.779999971389771,130.559997558594,129.100006103516,0.826470613479614
"species",54,54,58,26.0179996490479,30.4799995422363,21.9680004119873,2258,1291,7022,0.790000021457672,124.75,124.389999389648,0.800980389118195
"species",55,55,38,26.5860004425049,31.1960010528564,22.2479991912842,1946,1471,6845,0.800000011920929,128.460006713867,132.179992675781,0.743464052677155
"species",56,56,100,25.6665000915527,29.9599990844727,21.8279991149902,2103,1317,6719,0.779999971389771,120.98999786377,119.580001831055,0.757516324520111
"species",57,57,44,26.3273334503174,30.7639999389648,22.1040000915527,1888,1202,6366,0.75,126.98999786377,129.440002441406,0.710784316062927
"species",58,58,16,25.6785411834717,29.75,22.1950016021729,2157,1115,6479,0.800000011920929,119.620002746582,108.809997558594,0.815359473228455
"species",59,59,89,25.6996669769287,29.988000869751,21.8439998626709,2249,1161,6855,0.800000011920929,121.730003356934,117.889999389648,0.757516324520111
"species",60,60,144,25.9235000610352,30.3599987030029,21.6520004272461,1544,984,5317,0.680000007152557,130.029998779297,126.879997253418,0.710784316062927
"species",61,61,35,26.0788326263428,30.435998916626,22.0960006713867,2100,961,6263,0.810000002384186,122.279998779297,118.540000915527,0.706535935401917
"species",62,62,486,24.5143337249756,29.2080001831055,19.9559993743896,1399,824,4193,0.379999995231628,135.990005493164,131.910003662109,0.722875833511353
"species",63,63,98,26.0625,30.8640003204346,21.6400012969971,1596,822,4874,0.75,132.020004272461,125.76000213623,0.708169937133789
"species",64,64,42,26.2425003051758,30.8839988708496,22,1835,1091,6061,0.800000011920929,132.690002441406,123.949996948242,0.718627452850342
"species",65,65,55,26.3334999084473,30.996000289917,22.0240001678467,1729,1100,5827,0.810000002384186,137.229995727539,128.720001220703,0.718627452850342
"species",66,66,4,26.1096668243408,30.2320003509521,22.3880004882812,1460,1008,4757,0.660000026226044,108.730003356934,117.699996948242,0.771568655967712
"species",67,67,42,26.1326675415039,30.507999420166,22.1040000915527,1515,1070,5101,0.689999997615814,137.419998168945,126.809997558594,0.771568655967712
"species",68,68,39,25.9631671905518,29.7999992370605,22.1760005950928,1300,640,3623,0.639999985694885,100.180000305176,107.98999786377,0.800653576850891
"species",69,69,31,26.0848331451416,30.3880004882812,22.0920009613037,1494,1005,4704,0.680000007152557,111.709999084473,119.629997253418,0.765359461307526
"species",70,70,4,25.9512500762939,29.6800003051758,22.2700004577637,929,424,2624,0.449999988079071,96.2600021362305,100.800003051758,0.805555582046509
"species",71,71,10,25.9821662902832,29.9519996643066,22.0960006713867,1260,572,3438,0.629999995231628,104.919998168945,109.860000610352,0.800653576850891
"species",72,72,139,25.1711673736572,29.8279991149902,20.8199996948242,1177,552,3312,0.589999973773956,117.690002441406,120.180000305176,0.813725471496582
"species",73,73,37,25.6778335571289,30.0400009155273,21.3120002746582,857,383,2454,0.400000005960464,128.179992675781,134.059997558594,0.821241855621338
