"species","x","y","alt","wc2.0_bio_2.5m_1","wc2.0_bio_2.5m_5","wc2.0_bio_2.5m_6","wc2.0_bio_2.5m_16","wc2.0_bio_2.5m_17","current_2.5arcmin_climaticMoistureIndex","current_2.5arcmin_PETDriestQuarter","current_2.5arcmin_PETWettestQuarter","Cropped_Cloud"
"species",1,1,281,-2.5128333568573,18.8799991607666,-29.435998916626,294,98,0.360000014305115,13.4499998092651,76.8899993896484,200.738479614258
"species",2,2,789,-6.01083374023438,15.8199996948242,-30.1760005950928,299,142,0.519999980926514,0.529999971389771,69.7600021362305,207.302459716797
"species",3,3,614,-5.44899988174438,16.1240005493164,-29.6399993896484,283,132,0.469999998807907,1.0900000333786,72.1500015258789,207.061172485352
"species",4,4,10,-0.642628252506256,17.5076923370361,-21.6615390777588,297,191,0.400000005960464,20.4899997711182,91.9499969482422,202.233657836914
"species",5,5,263,-0.293666690587997,19.8519992828369,-24.6760005950928,296,111,0.209999993443489,22.0100002288818,103.98999786377,194.490798950195
"species",6,6,241,-0.0216665770858526,20.1640014648438,-25.1400012969971,313,118,0.230000004172325,22.2399997711182,101.779998779297,199.224243164062
"species",7,7,301,-0.440166890621185,20.5240001678467,-26.996000289917,330,122,0.300000011920929,21.0100002288818,95.4499969482422,200.774124145508
"species",8,8,387,-0.841500103473663,20.2439994812012,-27.1879997253418,335,161,0.360000014305115,19.9099998474121,91.1100006103516,196.160110473633
"species",9,9,574,-1.751833319664,17.4559993743896,-25.0599994659424,355,213,0.5,19.8299999237061,89.9000015258789,202.777877807617
"species",10,10,281,-0.0371667630970478,18.6359996795654,-22.068000793457,317,214,0.479999989271164,22.3700008392334,58.7799987792969,195.186950683594
"species",11,11,123,0.75300008058548,17.7159996032715,-18.935998916626,332,230,0.509999990463257,23.2900009155273,31.9599990844727,175.782913208008
"species",12,12,191,0.274666756391525,21.5920009613037,-26.6040000915527,279,132,0.170000001788139,25.8400001525879,106.459999084473,199.411819458008
"species",13,13,341,0.229499951004982,20.6399993896484,-25.5599994659424,304,123,0.189999997615814,25.5,108.180000305176,199.078414916992
"species",14,14,308,0.579833328723907,20.1160011291504,-24.8920001983643,327,115,0.230000004172325,26.5900001525879,105.580001831055,200.177627563477
"species",15,15,415,0.0734999030828476,21.0160007476807,-26.068000793457,355,131,0.330000013113022,25.7399997711182,101.790000915527,198.765594482422
"species",16,16,264,2.19383335113525,20.0279998779297,-19.0279998779297,310,206,0.400000005960464,26.1900005340576,94.5199966430664,198.923416137695
"species",17,17,10,1.49057006835938,18.1421051025391,-17.4578952789307,317,236,0.490000009536743,24.6900005340576,16.2600002288818,170.64094543457
"species",18,18,332,3.24383330345154,21.9599990844727,-20.7959995269775,303,164,0.140000000596046,14.4499998092651,116.169998168945,199.391372680664
"species",19,19,178,3.74533343315125,22.6520004272461,-20.2399997711182,282,180,0.119999997317791,15.6899995803833,137.710006713867,199.396896362305
"species",20,20,360,3.36883330345154,21.7999992370605,-18.4360008239746,380,213,0.319999992847443,31.8700008392334,126.360000610352,188.559509277344
"species",21,21,246,3.73433327674866,22.6319999694824,-19.2040004730225,295,177,0.180000007152557,16.5699996948242,119.849998474121,195.476470947266
"species",22,22,119,4.46183347702026,22.7840003967285,-17.6800003051758,311,244,0.300000011920929,35.3899993896484,11.6400003433228,185.537979125977
"species",23,23,57,5.22849988937378,21.992000579834,-14.4119997024536,329,257,0.330000013113022,97.3300018310547,13.8900003433228,185.301620483398
"species",24,24,160,6.90883350372314,24.2520008087158,-13.3239994049072,257,181,0,21.7199993133545,51.6500015258789,177.831909179688
"species",25,25,301,6.23650026321411,23.6879997253418,-14.5799999237061,342,235,0.259999990463257,42.1800003051758,28.2600002288818,183.622940063477
"species",26,26,365,6.23566675186157,24.3479995727539,-14.6079998016357,299,197,0.140000000596046,22.8799991607666,125.139999389648,185.62548828125
"species",27,27,176,6.5959997177124,25.1199989318848,-14.9440002441406,346,271,0.219999998807907,25.0200004577637,31.2399997711182,180.520858764648
"species",28,28,78,6.53016662597656,24.4839992523193,-14.003999710083,325,263,0.239999994635582,140.179992675781,28.0900001525879,178.536026000977
"species",29,29,14,6.27833318710327,21.0599994659424,-11.1999998092651,331,250,0.360000014305115,123.419998168945,15.5699996948242,168.474349975586
"species",30,30,195,10.2151670455933,28.423999786377,-11.8159999847412,307,148,-0.0700000002980232,19.5,155.929992675781,177.302490234375
"species",31,31,228,10.0921669006348,27.8080005645752,-10.6680002212524,299,174,-0.0500000007450581,31.2999992370605,153.559997558594,177.736282348633
"species",32,32,298,9.87283325195312,27.4839992523193,-10.6240005493164,309,172,-0.0799999982118607,20.9200000762939,155.179992675781,189.950942993164
"species",33,33,572,7.71600008010864,24.4839992523193,-11.9440002441406,337,219,0.150000005960464,17.8899993896484,147.169998168945,196.842590332031
"species",34,34,387,8.09850025177002,25.068000793457,-11.4879999160767,308,197,0.0599999986588955,18.8400001525879,144.339996337891,186.489074707031
"species",35,35,260,8.97566699981689,27.076000213623,-11.1040000915527,335,267,0.180000007152557,30.6100006103516,147.899993896484,172.486846923828
"species",36,36,314,13.0229997634888,31.431999206543,-6.94000005722046,335,165,-0.109999999403954,33.0299987792969,144.520004272461,130.234634399414
"species",37,37,147,12.2209997177124,30.2280006408691,-8.85200023651123,315,204,-0.0700000002980232,25.7600002288818,162.179992675781,168.802093505859
"species",38,38,264,11.5738334655762,29.0839996337891,-8.32800006866455,321,223,-0.00999999977648258,27.6599998474121,103.910003662109,170.71955871582
"species",39,39,278,11.7766666412354,29.6599998474121,-7.38000011444092,278,188,-0.200000002980232,30.4699993133545,164.779998779297,162.913467407227
"species",40,40,5,13.2260417938232,30.1125011444092,-4.48124980926514,309,255,-0.00999999977648258,29.5499992370605,160.479995727539,136.393768310547
"species",41,41,51,11.8838329315186,29.2080001831055,-6.59200000762939,314,268,0.0900000035762787,26.8600006103516,135.580001831055,158.205596923828
"species",42,42,275,15.1598329544067,33.015998840332,-3.78399991989136,364,183,-0.109999999403954,40.5299987792969,146.259994506836,124.500701904297
"species",43,43,446,13.6723327636719,31.2320003509521,-5.03599977493286,346,206,-0.0599999986588955,37.5699996948242,142.949996948242,135.723190307617
"species",44,44,168,14.2548332214355,31.9200000762939,-5.07999992370605,380,280,0.0900000035762787,124.080001831055,116.069999694824,151.746459960938
"species",45,45,199,14.3988332748413,32.0200004577637,-4.2519998550415,382,289,0.0799999982118607,125.550003051758,119.110000610352,152.867446899414
"species",46,46,380,12.9958333969116,30.9160003662109,-5.21199989318848,345,259,0.0299999993294477,85.1100006103516,165.580001831055,152.299041748047
"species",47,47,738,11.5328330993652,27.7880001068115,-5.09999990463257,344,264,0.100000001490116,35.1599998474121,153.470001220703,152
"species",48,48,138,14.4879999160767,32.423999786377,-3.5,308,247,-0.119999997317791,58.4199981689453,170.020004272461,128.840347290039
"species",49,49,20,15.5658330917358,32.5,-1.39999997615814,380,252,0.0199999995529652,57.1300010681152,158.169998168945,137.256698608398
"species",50,50,110,16.4923324584961,33.8120002746582,-1.7039999961853,395,296,0.00999999977648258,135.130004882812,128.259994506836,126.121025085449
"species",51,51,41,17.216833114624,33.9000015258789,-0.691999971866608,426,240,0.0399999991059303,130.029998779297,122.569999694824,142.368591308594
"species",52,52,63,16.5785007476807,33.8320007324219,-1.22000002861023,427,269,0.0399999991059303,133,94.7099990844727,133.98844909668
"species",53,53,177,16.1378326416016,33.1640014648438,-1.43599998950958,425,260,0.0399999991059303,130.839996337891,94.629997253418,137.43782043457
"species",54,54,42,17.4945011138916,34.3720016479492,0.316000014543533,369,231,-0.150000005960464,69.5699996948242,176.429992675781,142.001113891602
"species",55,55,20,16.8413333892822,33.6159973144531,0.196000009775162,420,225,-0.0599999986588955,67.9400024414062,165.210006713867,135.398651123047
"species",56,56,9,17.1071186065674,32.6208343505859,1.95416665077209,480,284,0.119999997317791,62.7200012207031,138.660003662109,131.469772338867
"species",57,57,404,18.9361667633057,34.6839981079102,2.33200001716614,268,135,-0.46000000834465,62.8800010681152,158.910003662109,129.489868164062
"species",58,58,92,18.8521671295166,34.8720016479492,2.30800008773804,304,216,-0.280000001192093,184.630004882812,159.699996948242,131.677841186523
"species",59,59,99,18.2154998779297,34.1759986877441,1.89600002765656,381,280,-0.0599999986588955,142.259994506836,58.9700012207031,115.587265014648
"species",60,60,62,18.4375,33.923999786377,2.12399983406067,459,305,0.0599999986588955,139.559997558594,76.6100006103516,122.797416687012
"species",61,61,51,18.2918338775635,34.5599975585938,1.68800008296967,447,305,0.0500000007450581,141.080001831055,78.5299987792969,126.909454345703
"species",62,62,105,18.3409996032715,33.6559982299805,2.31599998474121,396,270,-0.0199999995529652,105.290000915527,77.0500030517578,127.145149230957
"species",63,63,94,18.9783325195312,34.0960006713867,3.19200015068054,370,225,-0.140000000596046,102.050003051758,169.789993286133,146.772354125977
"species",64,64,19,19.2508335113525,34.2000007629395,4.0479998588562,467,213,-0.0799999982118607,74.7600021362305,166.770004272461,134.77880859375
"species",65,65,541,18.3988342285156,32.8440017700195,2.7039999961853,284,144,-0.430000007152557,64.3499984741211,157.479995727539,131.246032714844
"species",66,66,3,20.0861663818359,32.992000579834,6.8439998626709,449,259,0.100000001490116,96.5,145.970001220703,138.874816894531
"species",67,67,7,20.0058326721191,33.4080009460449,6.02799987792969,531,340,0.159999996423721,80.0699996948242,151.690002441406,154.534896850586
"species",68,68,9,19.8738327026367,34.0839996337891,5.45599985122681,595,302,0.0900000035762787,81.2200012207031,150.369995117188,133.180404663086
"species",69,69,20,20.621000289917,34.0279998779297,6.61199998855591,634,208,-0.170000001788139,89.5500030517578,160.690002441406,144.5595703125
"species",70,70,36,21.537166595459,33.5599975585938,8.70800018310547,529,174,-0.150000005960464,73.9000015258789,165.669998168945,160.3154296875
"species",71,71,12,22.7220001220703,33.9720001220703,10.7279996871948,624,173,-0.109999999403954,80.620002746582,165.529998779297,161.426147460938
