"species","x","y","alt","wc2.0_bio_2.5m_1","wc2.0_bio_2.5m_5","wc2.0_bio_2.5m_6","wc2.0_bio_2.5m_16","wc2.0_bio_2.5m_17","current_2.5arcmin_climaticMoistureIndex","current_2.5arcmin_PETDriestQuarter","current_2.5arcmin_PETWettestQuarter","Cropped_Cloud"
"species",1,1,1643,3.45283341407776,17.8479995727539,-11.8400001525879,364,126,0.200000002980232,121.099998474121,9.77000045776367,181.406936645508
"species",2,2,323,4.28316640853882,21.5359992980957,-16.0839996337891,244,157,0.119999997317791,33.0499992370605,109.139999389648,180.950454711914
"species",3,3,727,8.31633377075195,19.511999130249,-4.10799980163574,910,139,0.579999983310699,137.039993286133,16.9400005340576,161.916549682617
"species",4,4,2215,1.48433339595795,16.2280006408691,-12.0559997558594,154,98,-0.209999993443489,121.029998779297,88.7699966430664,182.864624023438
"species",5,5,397,4.43149995803833,24.4599990844727,-21.435998916626,320,62,-0.129999995231628,7.19999980926514,149.419998168945,183.224807739258
"species",6,6,414,4.71016693115234,24.0160007476807,-18.931999206543,337,81,-0.0500000007450581,8.57999992370605,127.290000915527,182.787811279297
"species",7,7,476,4.07033348083496,23.1480007171631,-19.07200050354,290,93,-0.0599999986588955,9.1899995803833,147.25,193.868743896484
"species",8,8,198,5.32783317565918,23.0160007476807,-16.0960006713867,258,137,0.0399999991059303,18.8400001525879,79.7600021362305,186.245819091797
"species",9,9,172,6.12249994277954,21.3360004425049,-9.26799964904785,246,122,-0.0199999995529652,18.4500007629395,114.930000305176,171.05744934082
"species",10,10,236,4.60966682434082,21.6599998474121,-16.1879997253418,279,173,0.100000001490116,15.9799995422363,77.4100036621094,189.501541137695
"species",11,11,14,6.10608959197998,24.384614944458,-16.0461540222168,280,203,0.150000005960464,18.6299991607666,121.089996337891,180.444488525391
"species",12,12,165,4.48066663742065,22.8120002746582,-18.6280002593994,355,212,0.280000001192093,36.0099983215332,133.220001220703,190.208114624023
"species",13,13,165,4.88250017166138,23.5559997558594,-17.011999130249,294,204,0.189999997615814,19.2099990844727,25.3899993896484,185.388290405273
"species",14,14,183,5.26600027084351,21.8280010223389,-13.3120002746582,380,276,0.379999995231628,96.7799987792969,14.2600002288818,182.086578369141
"species",15,15,107,5.59999990463257,21.6959991455078,-12.2439994812012,444,289,0.5,111.76000213623,14.5500001907349,203.542373657227
"species",16,16,849,8.63633346557617,20.6840000152588,-5.08799982070923,819,120,0.509999990463257,152.119995117188,18.4200000762939,143.297119140625
"species",17,17,310,7.27016687393188,24.8120002746582,-13.6960000991821,287,156,-0.0700000002980232,24.6700000762939,96.0699996948242,187.609222412109
"species",18,18,186,8.0406665802002,25.8479995727539,-12.9079999923706,252,117,-0.170000001788139,15.0900001525879,132.360000610352,182.012100219727
"species",19,19,391,6.37766647338867,23.1079998016357,-13.6840000152588,282,199,0.159999996423721,39.8300018310547,119.879997253418,188.301330566406
"species",20,20,75,8.7906665802002,22.9599990844727,-6.69199991226196,264,167,-0.0799999982118607,23.5499992370605,121.849998474121,174.521697998047
"species",21,21,285,7.04050016403198,25.0960006713867,-13.8079996109009,294,221,0.170000001788139,25.0599994659424,118.690002441406,186.323394775391
"species",22,22,149,7.48566675186157,26.2759990692139,-13.8800001144409,271,221,0.0799999982118607,27.0300006866455,33.439998626709,179.719528198242
"species",23,23,9,6.90625,23.4249992370605,-12.4499998092651,355,255,0.239999994635582,142.279998779297,29.5900001525879,175.567276000977
"species",24,24,132,6.35050010681152,22.1560001373291,-10.8680000305176,453,291,0.490000009536743,104.25,16.5599994659424,182.255523681641
"species",25,25,19,6.70952367782593,20.3285713195801,-8.2142858505249,428,281,0.46000000834465,118.48999786377,17.0599994659424,178.293182373047
"species",26,26,233,9.97599983215332,28.5160007476807,-12.4759998321533,326,126,-0.0900000035762787,18.6200008392334,156.990005493164,169.818710327148
"species",27,27,254,9.83800029754639,27.6000003814697,-11.3000001907349,302,166,-0.0399999991059303,19.4400005340576,154.320007324219,178.520095825195
"species",28,28,227,9.84316635131836,27.6599998474121,-10.8999996185303,282,167,-0.109999999403954,19.4500007629395,151.539993286133,191.868591308594
"species",29,29,340,9.7636661529541,27.011999130249,-10.2880001068115,297,191,-0.0599999986588955,21.4200000762939,152.330001831055,190.448654174805
"species",30,30,460,8.56566619873047,25.6760005950928,-11.532000541687,329,225,0.119999997317791,19.4200000762939,148.529998779297,195.459716796875
"species",31,31,202,9.74450016021729,27.503999710083,-10.1359996795654,313,200,0.0199999995529652,32.2099990844727,152.119995117188,181.841247558594
"species",32,32,73,10.4148330688477,27.8479995727539,-9.09200000762939,333,264,0.129999995231628,33.189998626709,129.330001831055,170.470855712891
"species",33,33,158,9.04483318328857,26.507999420166,-9.19200038909912,341,288,0.230000004172325,141.929992675781,23.0499992370605,166.445831298828
"species",34,34,15,9.86325740814209,24.5,-4.63636350631714,315,236,0.319999992847443,113.669998168945,33.0200004577637,143.61589050293
"species",35,35,279,13.0833330154419,31.5399990081787,-6.97599983215332,335,160,-0.109999999403954,32.6599998474121,144.630004882812,129.669158935547
"species",36,36,268,12.5856666564941,30.8959999084473,-7.5479998588562,312,183,-0.150000005960464,31.6200008392334,148.580001831055,136.859283447266
"species",37,37,243,12.135666847229,29.6800003051758,-7.7480001449585,351,251,0.0199999995529652,116.959999084473,105.300003051758,166.656066894531
"species",38,38,277,11.981333732605,29.4720001220703,-7.17199993133545,334,253,-0.0199999995529652,31.3799991607666,164.520004272461,169.18635559082
"species",39,39,355,11.881667137146,29.7639999389648,-7.31599998474121,272,184,-0.189999997615814,31.2700004577637,149.059997558594,156.238372802734
"species",40,40,23,12.3660001754761,29.6440010070801,-5.56400012969971,296,248,0.0500000007450581,72.0199966430664,136.050003051758,154.219909667969
"species",41,41,2731,4.33300018310547,21.8880004882812,-14.8319997787476,257,109,-0.360000014305115,118.349998474121,129.389999389648,135.051010131836
"species",42,42,377,14.2156667709351,32.0559997558594,-4.5959997177124,358,206,-0.0799999982118607,38.8300018310547,144.369995117188,142.344650268555
"species",43,43,263,13.4041662216187,31.6679992675781,-6.44400024414062,342,240,-0.0900000035762787,36,118.910003662109,129
"species",44,44,176,14.2113332748413,31.9479999542236,-5,380,281,0.100000001490116,123.669998168945,116.129997253418,151.746459960938
"species",45,45,228,14.304666519165,32.0880012512207,-4.31599998474121,390,292,0.0799999982118607,125.48999786377,117.879997253418,157.845367431641
"species",46,46,369,13.3853330612183,31.2199993133545,-4.81199979782104,345,254,0.0500000007450581,118.819999694824,162.740005493164,144.77783203125
"species",47,47,82,15.103666305542,32.6640014648438,-2.44400000572205,320,245,-0.109999999403954,59.8600006103516,169.559997558594,130.750701904297
"species",48,48,23,15.7636661529541,32.6559982299805,-1.16799998283386,382,241,0,59.4599990844727,161.779998779297,138.062728881836
"species",49,49,535,17.0448341369629,32.9119987487793,2.64000010490417,227,12,-0.670000016689301,182.130004882812,73.3600006103516,43.2501640319824
"species",50,50,235,16.3080005645752,33.7119979858398,-1.89199995994568,387,216,-0.0900000035762787,47.7000007629395,152.660003662109,123.064788818359
"species",51,51,371,15.0821666717529,32.0320014953613,-2.40400004386902,475,322,0.129999995231628,44.7599983215332,120.559997558594,126.167640686035
"species",52,52,40,17.8476657867432,34.068000793457,0.804000020027161,429,254,0.00999999977648258,135.759994506836,68.0199966430664,145.428268432617
"species",53,53,101,16.6191673278809,33.6359977722168,-1.29199993610382,435,273,0.0500000007450581,133.460006713867,96.5199966430664,130.47607421875
"species",54,54,182,16.3201675415039,33.5,-1.3199999332428,430,273,0.0299999993294477,132.509994506836,67.0599975585938,130.41178894043
"species",55,55,176,16.9036674499512,33.6279983520508,-0.348000019788742,374,231,-0.119999997317791,97.3000030517578,68.8499984741211,122.551040649414
"species",56,56,120,17.2446670532227,34.1319999694824,0.164000004529953,378,239,-0.129999995231628,70.5800018310547,176.759994506836,142.048797607422
"species",57,57,49,17.1941661834717,33.8279991149902,0.61599999666214,433,230,-0.0500000007450581,68.5400009155273,168.229995727539,136.29167175293
"species",58,58,618,16.38450050354,29.7679996490479,4.07599973678589,153,10,-0.790000021457672,159.539993286133,78.0800018310547,27.5263957977295
"species",59,59,130,18.1103343963623,33.6840019226074,1.79999995231628,458,312,0.0799999982118607,139.279998779297,76.2600021362305,124.613433837891
"species",60,60,51,18.5205001831055,34.3600006103516,2.25200009346008,448,323,0.0700000002980232,109.040000915527,79.2200012207031,130.034194946289
"species",61,61,96,18.5335006713867,33.7719993591309,2.74799990653992,418,289,0.0299999993294477,106.709999084473,78.9499969482422,136.110610961914
"species",62,62,89,19.1043338775635,34.1599998474121,3.31200003623962,400,224,-0.119999997317791,106.529998779297,176.059997558594,145.435516357422
"species",63,63,7,20.0580005645752,33.3040008544922,6.37200021743774,591,293,0.0900000035762787,79.4000015258789,144.080001831055,125.263542175293
"species",64,64,29,20.9440002441406,33.5519981384277,7.38800001144409,534,197,-0.140000000596046,73.25,168.410003662109,146.144165039062
"species",65,65,348,25.1038341522217,33.3720016479492,16.2080001831055,1099,281,0.330000013113022,150.630004882812,144.720001220703,148.125839233398
"species",66,66,1074,23.8228340148926,31.6240005493164,15.6800003051758,450,10,-0.379999995231628,119.400001525879,143.699996948242,121.314033508301
"species",67,67,1293,19.8234996795654,26.8920001983643,12.1999998092651,892,210,0.319999992847443,141.800003051758,133.410003662109,167.822891235352
"species",68,68,26,25.7775001525879,32.3839988708496,18.3999996185303,1615,239,0.569999992847443,116.620002746582,122.26000213623,184.875839233398
"species",69,69,1210,20.658332824707,26.6439990997314,14.1000003814697,556,80,0.0599999986588955,133.199996948242,106.860000610352,202.060134887695
"species",70,70,22,26.11549949646,31.5440006256104,20.3040008544922,1081,258,0.5,126.269996643066,123.730003356934,205.110412597656
"species",71,71,507,23.9378337860107,29.988000869751,17.3360004425049,868,142,0.170000001788139,149.699996948242,137.809997558594,185.66096496582
"species",72,72,33,25.6826667785645,30.568000793457,20.3999996185303,1178,191,0.449999988079071,136.449996948242,125.669998168945,206
"species",73,73,511,24.0086669921875,29.7959995269775,18.6879997253418,1148,121,0.340000003576279,147.889999389648,127.910003662109,214.362091064453
"species",74,74,132,25.4583339691162,29.992000579834,20.7080001831055,1292,347,0.649999976158142,134.990005493164,125.940002441406,212.949295043945
"species",75,75,1418,18.6468334197998,24.4120006561279,12.9919996261597,1189,533,0.519999980926514,115.5,107.569999694824,231.389068603516
"species",76,76,169,26.6191673278809,31.6359996795654,21.8320007324219,1034,335,0.579999983310699,138.229995727539,134.020004272461,235.1142578125
"species",77,77,153,26.2296657562256,30.7880001068115,21.7679996490479,1332,127,0.610000014305115,135.660003662109,118.180000305176,225.573425292969
"species",78,78,13,26.1433334350586,30.3400001525879,22.3279991149902,1517,1052,0.649999976158142,134.869995117188,124.610000610352,218.590744018555
"species",79,79,35,26.0788326263428,30.435998916626,22.0960006713867,2100,961,0.810000002384186,122.279998779297,118.540000915527,231.53450012207
