"species","x","y","alt","wc2.0_bio_2.5m_1","wc2.0_bio_2.5m_5","wc2.0_bio_2.5m_6","wc2.0_bio_2.5m_16","wc2.0_bio_2.5m_17","wc2.0_bio_2.5m_12","current_2.5arcmin_climaticMoistureIndex","current_2.5arcmin_PETDriestQuarter","current_2.5arcmin_PETWettestQuarter","IPCCconcert"
"species",1,1,527,12.046667098999,26.2280006408691,-3.58800005912781,651,42,1239,-0.0199999995529652,182.910003662109,25.4899997711182,0.608823537826538
"species",2,2,604,11.6110000610352,25.7679996490479,-4.03999996185303,408,43,814,-0.400000005960464,185.460006713867,26.2600002288818,0.596078455448151
"species",3,3,561,11.9281663894653,25.3159999847412,-2.37199997901917,946,56,1846,0.389999985694885,157.910003662109,27.1599998474121,0.624836623668671
"species",4,4,1169,9.2185001373291,22.1879997253418,-3.94799995422363,731,61,1442,0.129999995231628,156.809997558594,24.4200000762939,0.6062091588974
"species",5,5,1001,9.7093334197998,23.8519992828369,-6.27600002288818,476,48,946,-0.310000002384186,176.699996948242,25.5799999237061,0.587254881858826
"species",6,6,1138,9.49233341217041,23.9640007019043,-6.69600009918213,344,48,701,-0.449999988079071,158.580001831055,24.6200008392334,0.587254881858826
"species",7,7,790,10.5621671676636,21.4680004119873,0.140000000596046,875,57,1726,0.360000014305115,150.539993286133,27.5900001525879,0.618627429008484
"species",8,8,469,12.2819995880127,26.6599998474121,-3.85199999809265,714,42,1381,0.129999995231628,185.649993896484,29.2700004577637,0.599019587039948
"species",9,9,668,11.0698328018188,22.8640003204346,-1.18400001525879,803,50,1592,0.330000013113022,151.300003051758,28.9300003051758,0.61503267288208
"species",10,10,893,10.066499710083,23.3680000305176,-3.69600009918213,676,47,1330,0.100000001490116,171.779998779297,28.5599994659424,0.585294127464294
"species",11,11,1884,5.23316669464111,19.0879993438721,-6.69999980926514,609,71,1313,0.140000000596046,141.389999389648,22.7000007629395,0.55751633644104
"species",12,12,1759,6.17199993133545,20.4479999542236,-7.76399993896484,518,67,1150,0,148.529998779297,23.6100006103516,0.513725519180298
"species",13,13,614,11.1239995956421,21.5920009613037,1.30799996852875,755,41,1503,0.310000002384186,151.070007324219,29.8500003814697,0.61503267288208
"species",14,14,785,11.742166519165,26.507999420166,-4.22399997711182,488,35,975,-0.170000001788139,198.270004272461,30.7399997711182,0.55751633644104
"species",15,15,544,14.1151666641235,28.7639999389648,-1.76800000667572,677,38,1363,0.100000001490116,200.539993286133,33.8899993896484,0.513725519180298
"species",16,16,395,11.4241666793823,21.003999710083,2.78800010681152,925,37,1803,0.519999980926514,114.779998779297,30.9300003051758,0.597712397575378
"species",17,17,555,11.2521667480469,21.923999786377,1.09599995613098,838,35,1633,0.360000014305115,155.369995117188,30.4500007629395,0.597712397575378
"species",18,18,936,10.6879997253418,25.8360004425049,-5.75600004196167,568,32,1110,-0.150000005960464,188.820007324219,30.7000007629395,0.531045734882355
"species",19,19,630,14.4160003662109,29.8640003204346,-0.811999976634979,482,28,955,-0.219999998807907,203.509994506836,33.2900009155273,0.531045734882355
"species",20,20,328,12.238166809082,24.1200008392334,-1.46000003814697,927,30,1765,0.370000004768372,161.630004882812,30.9300003051758,0.575816988945007
"species",21,21,1091,11.1801671981812,25.4600009918213,-2.67599987983704,598,34,1177,-0.100000001490116,183.080001831055,32.0200004577637,0.527124166488647
"species",22,22,178,16.8008327484131,33.7159996032715,-0.204000011086464,321,19,645,-0.540000021457672,205.889999389648,39.7299995422363,0.472222208976746
"species",23,23,506,12.1721668243408,25.5960006713867,-2.79999995231628,774,25,1455,0.150000005960464,178.639999389648,35.1599998474121,0.5343137383461
"species",24,24,371,12.0416669845581,22.7840003967285,0.404000014066696,678,20,1295,0.100000001490116,162.020004272461,37.3400001525879,0.5343137383461
"species",25,25,636,12.5393333435059,26.3519992828369,-2.07999992370605,622,17,1148,-0.100000001490116,191.220001220703,38.2799987792969,0.515032708644867
"species",26,26,1828,7.71150016784668,21.0879993438721,-4.78000020980835,939,50,1860,0.360000014305115,142.710006713867,28.6599998474121,0.515032708644867
"species",27,27,431,15.2111663818359,31.2840003967285,-0.699999988079071,320,12,595,-0.579999983310699,200.240005493164,42.3400001525879,0.468954235315323
"species",28,28,403,10.5806665420532,27.988000869751,-8.63199996948242,280,187,951,-0.119999997317791,26.0799999237061,156.279998779297,0.647385597229004
"species",29,29,525,11.6631660461426,22.1159992218018,1.01199996471405,704,20,1333,0.189999997615814,145.970001220703,37.0400009155273,0.519607841968536
"species",30,30,261,14.3585004806519,28.5200004577637,-1.06400001049042,534,13,986,-0.209999993443489,185.669998168945,42.4500007629395,0.493464052677155
"species",31,31,416,14.0626668930054,27.8360004425049,0.00800000224262476,414,10,753,-0.439999997615814,207.080001831055,43.1699981689453,0.493464052677155
"species",32,32,578,14.1595001220703,29.9039993286133,-1.39600002765656,415,12,767,-0.449999988079071,199.789993286133,41.2099990844727,0.469934642314911
"species",33,33,533,10.3646669387817,26.92799949646,-7.81199979782104,290,196,994,-0.0700000002980232,26.9200000762939,152.139999389648,0.633986949920654
"species",34,34,186,12.1809997558594,30.2040004730225,-7.34800004959106,290,197,982,-0.150000005960464,29.6100006103516,161.990005493164,0.614052295684814
"species",35,35,144,12.599666595459,30.6680011749268,-6.71199989318848,294,212,1028,-0.100000001490116,29.6100006103516,160.800003051758,0.614052295684814
"species",36,36,76,13.0618333816528,30.9200000762939,-5.7960000038147,285,216,1009,-0.119999997317791,29.8099994659424,164.380004882812,0.602287590503693
"species",37,37,414,13.2751665115356,25.568000793457,-0.128000006079674,622,14,1160,0.0799999982118607,158.229995727539,38.560001373291,0.48562091588974
"species",38,38,147,14.7543334960938,28.1000003814697,-0.628000020980835,557,9,995,-0.219999998807907,188.25,44.3800010681152,0.48562091588974
"species",39,39,1115,7.90766668319702,23.6720008850098,-9.5319995880127,333,263,1191,0.270000010728836,23.5799999237061,132.289993286133,0.64934641122818
"species",40,40,539,10.7741670608521,27.992000579834,-7.77199983596802,269,176,907,-0.170000001788139,29.8299999237061,159.639999389648,0.626470565795898
"species",41,41,408,11.4788331985474,29.1319999694824,-7.35599994659424,269,177,912,-0.200000002980232,30.4599990844727,147.960006713867,0.626470565795898
"species",42,42,255,12.2603330612183,30.3080005645752,-7.10400009155273,278,196,967,-0.180000007152557,31.8899993896484,166.389999389648,0.613398671150208
"species",43,43,193,12.5436668395996,30.4080009460449,-6.35200023651123,298,216,1045,-0.100000001490116,31.7000007629395,163.399993896484,0.605882346630096
"species",44,44,127,12.9288330078125,30.8519992828369,-6.0959997177124,289,222,1036,-0.0900000035762787,31.4400005340576,161.059997558594,0.605882346630096
"species",45,45,118,13.123833656311,30.6760005950928,-5.2960000038147,275,222,1012,-0.100000001490116,30.9500007629395,143.940002441406,0.59738564491272
"species",46,46,948,8.98416709899902,25.3120002746582,-8.79199981689453,305,246,1120,0.129999995231628,26.5699996948242,143.089996337891,0.64934641122818
"species",47,47,729,10.1891670227051,26.6520004272461,-7.48400020599365,287,210,1024,-0.0199999995529652,29.0100002288818,151.009994506836,0.626470565795898
"species",48,48,349,12.3021669387817,30.3479995727539,-6.73999977111816,289,199,989,-0.159999996423721,32.3300018310547,148.470001220703,0.626470565795898
"species",49,49,437,11.7281665802002,28.9200000762939,-6.1399998664856,315,226,1108,-0.00999999977648258,30.7399997711182,141.169998168945,0.613398671150208
"species",50,50,125,13.1853332519531,31.3519992828369,-5.87599992752075,316,226,1094,-0.0799999982118607,33.5800018310547,166.039993286133,0.605882346630096
"species",51,51,123,13.1806669235229,30.8759994506836,-5.47599983215332,302,234,1085,-0.0700000002980232,32.9799995422363,164.130004882812,0.605882346630096
"species",52,52,44,13.6281671524048,31.5799999237061,-5.1879997253418,291,238,1062,-0.109999999403954,33.5299987792969,166.160003662109,0.59738564491272
"species",53,53,13,13.9451751708984,31.3842105865479,-4.29473686218262,288,234,1011,-0.100000001490116,32.9199981689453,158.929992675781,0.591503262519836
"species",54,54,610,11.106333732605,27.8880004882812,-6.88000011444092,296,224,1053,-0.0399999991059303,31.2299995422363,158.169998168945,0.610130727291107
"species",55,55,566,11.3851671218872,28.8159999847412,-7.07999992370605,303,231,1094,-0.0299999993294477,31.8099994659424,156.25,0.601633965969086
"species",56,56,283,12.8581666946411,30.3279991149902,-5.17600011825562,315,234,1121,-0.0700000002980232,34.2000007629395,147.649993896484,0.601633965969086
"species",57,57,204,13.1813335418701,30.8279991149902,-5.11599969863892,333,245,1169,-0.0299999993294477,34.2599983215332,147.559997558594,0.598692834377289
"species",58,58,153,13.2781667709351,31.1760005950928,-5.19599962234497,317,241,1126,-0.0799999982118607,34.560001373291,163.789993286133,0.595424830913544
"species",59,59,89,13.5943336486816,31.3999996185303,-5.00400018692017,299,242,1089,-0.0900000035762787,34.8499984741211,164.559997558594,0.595424830913544
"species",60,60,67,13.8071670532227,31.5799999237061,-4.71199989318848,297,246,1079,-0.0799999982118607,34.7999992370605,163.270004272461,0.593790829181671
"species",61,61,54,14.0503330230713,31.507999420166,-4.4040002822876,305,246,1082,-0.0799999982118607,34.8600006103516,163.270004272461,0.587908506393433
"species",62,62,26,14.2693328857422,31.6280002593994,-3.71600008010864,311,241,1087,-0.0599999986588955,34.2299995422363,143.710006713867,0.594444453716278
"species",63,63,301,13.0313329696655,21.9879989624023,4.48799991607666,465,13,874,-0.170000001788139,120.25,39.6699981689453,0.463071882724762
"species",64,64,583,11.6269998550415,28.2360000610352,-5.8439998626709,289,218,1034,-0.0900000035762787,32.4199981689453,159.960006713867,0.60065358877182
"species",65,65,353,12.8354997634888,30.0359992980957,-5.05999994277954,294,221,1034,-0.119999997317791,34.6699981689453,164.470001220703,0.581045746803284
"species",66,66,353,12.7791662216187,30.07200050354,-5.18400001525879,307,238,1095,-0.0599999986588955,34.5099983215332,160.039993286133,0.584313750267029
"species",67,67,173,13.5279998779297,31.2360000610352,-4.88800001144409,309,241,1116,-0.0900000035762787,36.1500015258789,165.289993286133,0.584313750267029
"species",68,68,147,13.543999671936,31.5279998779297,-5,305,243,1112,-0.0900000035762787,36.2400016784668,149.649993896484,0.585294127464294
"species",69,69,108,13.639500617981,31.5880012512207,-4.90000009536743,295,245,1092,-0.109999999403954,36.4599990844727,166.820007324219,0.587254881858826
"species",70,70,79,13.9045000076294,31.6119995117188,-4.33200025558472,292,248,1084,-0.0900000035762787,36.1699981689453,166.160003662109,0.587254881858826
"species",71,71,54,14.2484998703003,31.6399993896484,-3.75999999046326,307,253,1097,-0.0900000035762787,36.4700012207031,148.589996337891,0.586601316928864
"species",72,72,33,14.4914999008179,31.8680000305176,-3.42400002479553,322,254,1122,-0.0700000002980232,53.8499984741211,147.830001831055,0.584640502929688
"species",73,73,34,14.5628337860107,31.9160003662109,-3.24000000953674,331,253,1135,-0.0399999991059303,52.3499984741211,142.619995117188,0.58627450466156
"species",74,74,589,13.7466669082642,25.4360008239746,3.03200006484985,484,12,910,-0.219999998807907,154.970001220703,44.1300010681152,0.44967320561409
"species",75,75,313,15.1929998397827,28.7600002288818,0.89599996805191,300,8,563,-0.560000002384186,183.039993286133,46.9000015258789,0.442156851291656
"species",76,76,665,11.2574996948242,27.9440002441406,-6.43200016021729,279,200,965,-0.150000005960464,32.4599990844727,156.809997558594,0.607843160629272
"species",77,77,614,11.5741662979126,28.4799995422363,-6.12400007247925,286,211,1021,-0.109999999403954,32.939998626709,157.479995727539,0.607843160629272
"species",78,78,389,12.9036664962769,30.1040000915527,-4.76399993896484,297,227,1073,-0.109999999403954,35.8600006103516,147.070007324219,0.590196073055267
"species",79,79,274,13.4826669692993,31.3159999847412,-4.88400030136108,294,236,1075,-0.100000001490116,37.1100006103516,146.630004882812,0.581699371337891
"species",80,80,237,13.548999786377,31.3080005645752,-4.80400037765503,299,245,1087,-0.0900000035762787,36.0400009155273,162.360000610352,0.579411745071411
"species",81,81,202,13.5833339691162,31.5,-4.92799997329712,300,247,1098,-0.0799999982118607,36.4500007629395,148.619995117188,0.579411745071411
"species",82,82,140,13.7740001678467,31.8439998626709,-4.72800016403198,299,253,1104,-0.100000001490116,38.6699981689453,150.440002441406,0.582026124000549
"species",83,83,147,13.6735000610352,31.4519996643066,-4.61999988555908,300,260,1118,-0.0799999982118607,37.1199989318848,166.050003051758,0.582026124000549
"species",84,84,75,14.1413335800171,32.0480003356934,-4.30000019073486,302,257,1102,-0.100000001490116,39.0800018310547,168.210006713867,0.582026124000549
"species",85,85,33,14.5943336486816,32.2000007629395,-3.37199997901917,322,253,1122,-0.0900000035762787,55.6699981689453,151.619995117188,0.581372559070587
"species",86,86,21,14.831000328064,31.9639987945557,-2.82800006866455,345,255,1161,-0.0599999986588955,55.1399993896484,147.940002441406,0.582679748535156
"species",87,87,704,11.4793329238892,28.4400005340576,-6.17600011825562,331,249,1133,0.00999999977648258,51.2200012207031,155.610000610352,0.624836623668671
"species",88,88,871,10.599666595459,27.011999130249,-6.47599983215332,323,242,1115,0.0399999991059303,33.2900009155273,149.389999389648,0.624836623668671
"species",89,89,680,11.4938335418701,28.6240005493164,-6.28800010681152,294,210,999,-0.119999997317791,35.3600006103516,159.110000610352,0.616339862346649
"species",90,90,736,11.2376670837402,28.2240009307861,-6.42000007629395,302,218,1059,-0.0399999991059303,33.2400016784668,154.330001831055,0.607843160629272
"species",91,91,789,11.0543336868286,27.3239994049072,-5.9520001411438,308,235,1135,0.0399999991059303,32.7999992370605,151.839996337891,0.607843160629272
"species",92,92,365,13.2248334884644,30.576000213623,-4.7960000038147,329,255,1181,-0.0199999995529652,37.4599990844727,147.289993286133,0.590196073055267
"species",93,93,282,13.5775003433228,31.1840000152588,-4.51599979400635,312,256,1141,-0.0700000002980232,38.3899993896484,148.039993286133,0.581699371337891
"species",94,94,182,13.9895000457764,32.007999420166,-4.46400022506714,302,252,1109,-0.109999999403954,39.439998626709,151.490005493164,0.579411745071411
"species",95,95,146,14.1366662979126,32.2639999389648,-4.22799968719482,296,248,1091,-0.109999999403954,39.810001373291,151.979995727539,0.579411745071411
"species",96,96,158,14.0340003967285,31.992000579834,-4.22399997711182,295,256,1098,-0.100000001490116,39.8699989318848,165.240005493164,0.582026124000549
"species",97,97,117,14.1605005264282,32.2480010986328,-4.1399998664856,300,260,1108,-0.100000001490116,56.6500015258789,167.699996948242,0.582026124000549
"species",98,98,89,14.3699998855591,32.1920013427734,-3.70000004768372,313,255,1118,-0.0900000035762787,57.0099983215332,168.580001831055,0.582026124000549
"species",99,99,39,14.7841672897339,32.5960006713867,-3.29999995231628,329,246,1133,-0.100000001490116,57.5400009155273,171.220001220703,0.581372559070587
"species",100,100,39,14.9596662521362,32.3400001525879,-2.70000004768372,352,253,1186,-0.0399999991059303,56.3600006103516,165.279998779297,0.582679748535156
"species",101,101,28,15.1538333892822,32.2599983215332,-2.08399987220764,371,258,1220,0.00999999977648258,54.2700004577637,155.330001831055,0.584967315196991
"species",102,102,4,15.4106769561768,31.3687496185303,-0.6875,369,253,1203,0.0399999991059303,51.7200012207031,131.580001831055,0.584967315196991
"species",103,103,9,15.4358329772949,30.906665802002,-0.0733333379030228,350,241,1146,0.0599999986588955,50.75,127.709999084473,0.581045746803284
"species",104,104,886,14.8900003433228,31.1999988555908,-0.787999987602234,281,9,528,-0.550000011920929,193.580001831055,60.4599990844727,0.441503256559372
"species",105,105,426,13.2334995269775,30.9160003662109,-4.9520001411438,313,232,1086,-0.0900000035762787,85.1900024414062,164.699996948242,0.611111104488373
"species",106,106,669,12.0511665344238,28.7159996032715,-5.08400011062622,331,248,1148,0.0299999993294477,52.6599998474121,155.529998779297,0.614052295684814
"species",107,107,989,10.3398332595825,26.3040008544922,-6.22399997711182,351,273,1251,0.209999993443489,32.3400001525879,142.570007324219,0.603594779968262
"species",108,108,898,10.6175003051758,27.1079998016357,-6.49599981307983,355,273,1282,0.170000001788139,33.0800018310547,145.679992675781,0.603594779968262
"species",109,109,813,11.0543336868286,27.7280006408691,-6.23600006103516,339,256,1225,0.0900000035762787,34.0800018310547,151.380004882812,0.596078455448151
"species",110,110,327,13.4791669845581,31.4599990844727,-4.86400032043457,331,260,1179,-0.0500000007450581,39.6599998474121,167.259994506836,0.59509801864624
"species",111,111,305,13.6801662445068,31.1879997253418,-4.42400026321411,339,263,1210,0,39.2799987792969,163.100006103516,0.59509801864624
"species",112,112,253,14.0486669540405,31.7000007629395,-4.02400016784668,331,257,1175,-0.0399999991059303,39.7400016784668,163.229995727539,0.585620939731598
"species",113,113,204,14.3324995040894,32.0919990539551,-3.83599996566772,322,256,1153,-0.0900000035762787,40.2599983215332,168.160003662109,0.582679748535156
"species",114,114,147,14.5998334884644,32.6160011291504,-3.58399987220764,311,255,1127,-0.119999997317791,57.9099998474121,172.399993896484,0.580392181873322
"species",115,115,160,14.3905000686646,32.2000007629395,-3.50399994850159,307,253,1106,-0.109999999403954,57.5299987792969,168.419998168945,0.580392181873322
"species",116,116,118,14.5059995651245,32.507999420166,-3.51600003242493,301,247,1089,-0.129999995231628,58.3800010681152,170.720001220703,0.581045746803284
"species",117,117,97,14.5840005874634,32.5960006713867,-3.60799980163574,313,252,1110,-0.109999999403954,58.4599990844727,169.690002441406,0.579411745071411
"species",118,118,44,15.0516672134399,32.6800003051758,-2.68799996376038,341,240,1140,-0.0900000035762787,58.939998626709,169.070007324219,0.580065369606018
"species",119,119,11,15.3424997329712,32.6040000915527,-2.01600003242493,359,244,1183,-0.0500000007450581,58.7400016784668,165.990005493164,0.579738557338715
"species",120,120,17,15.4686670303345,32.5120010375977,-1.59600007534027,378,254,1228,0.0199999995529652,56.8600006103516,158.690002441406,0.581699371337891
"species",121,121,13,15.6713333129883,32.2760009765625,-0.867999970912933,388,258,1245,0.0599999986588955,55.1699981689453,136.649993896484,0.581699371337891
"species",122,122,454,13.1666669845581,30.7360000610352,-4.78800010681152,321,228,1098,-0.0900000035762787,86.0299987792969,163.839996337891,0.612418293952942
"species",123,123,712,12.0401668548584,28.42799949646,-4.73999977111816,346,247,1182,0.0399999991059303,53.6199989318848,154.399993896484,0.606862723827362
"species",124,124,1042,10.3608331680298,26.2000007629395,-5.81599998474121,355,276,1274,0.230000004172325,34.8400001525879,142.360000610352,0.589869260787964
"species",125,125,1067,10.1829996109009,25.8880004882812,-6.03200006484985,364,286,1320,0.300000011920929,32.7700004577637,138.539993286133,0.58627450466156
"species",126,126,503,12.8818330764771,29.7520008087158,-4.61999988555908,351,279,1272,0.0500000007450581,39.8699989318848,162.149993896484,0.58627450466156
"species",127,127,407,13.3383331298828,30.8600006103516,-4.60400009155273,342,274,1250,0.0199999995529652,40.7599983215332,164.619995117188,0.585294127464294
"species",128,128,277,14.1295003890991,32.0839996337891,-4.12400007247925,324,262,1178,-0.0700000002980232,41.689998626709,169.419998168945,0.58627450466156
"species",129,129,260,14.3281669616699,31.6240005493164,-3.24000000953674,320,252,1134,-0.0700000002980232,40.9099998474121,167.410003662109,0.58627450466156
"species",130,130,268,14.4116668701172,31.7560005187988,-3.32400012016296,321,250,1122,-0.0700000002980232,40.3499984741211,162.309997558594,0.585947692394257
"species",131,131,219,14.6303329467773,32.2799987792969,-3.23200011253357,326,253,1139,-0.0799999982118607,57.5099983215332,166.270004272461,0.58071893453598
"species",132,132,207,14.5983333587646,32.2879981994629,-3.26399993896484,320,256,1146,-0.0799999982118607,58.2799987792969,167.850006103516,0.581045746803284
"species",133,133,129,14.8263330459595,32.5400009155273,-3.00799989700317,318,252,1139,-0.0900000035762787,59.1100006103516,168.800003051758,0.581045746803284
"species",134,134,117,14.7828330993652,32.7840003967285,-3.20000004768372,328,246,1137,-0.109999999403954,59.4599990844727,170.559997558594,0.579411745071411
"species",135,135,90,14.8571662902832,32.8759994506836,-3.27600002288818,327,246,1137,-0.100000001490116,60.0200004577637,170.860000610352,0.579084992408752
"species",136,136,37,15.2151660919189,33.023998260498,-2.70799994468689,328,234,1126,-0.100000001490116,60.4000015258789,169.059997558594,0.579084992408752
"species",137,137,34,15.3638334274292,32.8759994506836,-2.21200013160706,346,234,1159,-0.0799999982118607,60.4199981689453,168.320007324219,0.579738557338715
"species",138,138,23,15.5841665267944,32.9360008239746,-1.74399995803833,369,239,1196,-0.0299999993294477,60.1500015258789,164.809997558594,0.580065369606018
"species",139,139,8,15.8549995422363,32.4720001220703,-0.680000007152557,383,240,1219,0.00999999977648258,58.8899993896484,159.309997558594,0.580065369606018
"species",140,140,1445,11.856499671936,27.7000007629395,-3.16799998283386,254,16,494,-0.589999973773956,173.009994506836,53.8699989318848,0.438235282897949
"species",141,141,162,14.5375003814697,32.6759986877441,-4.5,397,270,1368,0.0599999986588955,128.320007324219,121.919998168945,0.594771265983582
"species",142,142,993,10.9178333282471,26.3680000305176,-5.23199987411499,367,289,1335,0.159999996423721,51.3800010681152,105.720001220703,0.612418293952942
"species",143,143,765,12.0533332824707,28.4839992523193,-4.8600001335144,336,260,1218,0.0299999993294477,54.810001373291,155.880004882812,0.606862723827362
"species",144,144,786,11.9916667938232,27.7159996032715,-3.94400000572205,361,294,1317,0.170000001788139,39.3400001525879,110.300003051758,0.589869260787964
"species",145,145,345,14.2025003433228,31.6240005493164,-3.46399998664856,336,286,1251,-0.00999999977648258,43.0900001525879,170.679992675781,0.58627450466156
"species",146,146,319,14.4018335342407,31.5480003356934,-3.21199989318848,338,277,1232,-0.0199999995529652,42.5499992370605,166.679992675781,0.58627450466156
"species",147,147,291,14.4571666717529,32.0039978027344,-3.55599999427795,323,270,1191,-0.0500000007450581,59.6100006103516,167.309997558594,0.585294127464294
"species",148,148,227,14.8316669464111,32.5480003356934,-3.42000007629395,313,260,1141,-0.100000001490116,43.6599998474121,168.860000610352,0.58627450466156
"species",149,149,213,15.047833442688,32.576000213623,-2.83599996566772,313,259,1134,-0.119999997317791,89.5800018310547,170.529998779297,0.58627450466156
"species",150,150,191,15.2224998474121,32.576000213623,-2.48399996757507,324,250,1137,-0.100000001490116,59.4700012207031,167.5,0.585947692394257
"species",151,151,200,15.069167137146,32.5880012512207,-2.85199999809265,335,255,1167,-0.0700000002980232,59.6599998474121,165.559997558594,0.58071893453598
"species",152,152,157,15.1233329772949,32.6319999694824,-2.61199998855591,329,258,1176,-0.0700000002980232,60.2599983215332,166.600006103516,0.581045746803284
"species",153,153,124,15.2530002593994,32.3880004882812,-2.13599991798401,328,245,1149,-0.0799999982118607,59.7700004577637,165.309997558594,0.581045746803284
"species",154,154,74,15.3883333206177,33.015998840332,-2.5,342,240,1157,-0.100000001490116,60.7799987792969,168.5,0.579411745071411
"species",155,155,63,15.3968334197998,32.8640022277832,-2.39599990844727,352,239,1171,-0.0900000035762787,61.7000007629395,170.289993286133,0.579084992408752
"species",156,156,33,15.6226663589478,33.1920013427734,-2.01200008392334,360,233,1176,-0.0799999982118607,62,168.740005493164,0.579084992408752
"species",157,157,19,15.7976665496826,33.2000007629395,-1.67200005054474,372,230,1196,-0.0599999986588955,62.2299995422363,168.529998779297,0.579738557338715
"species",158,158,17,15.9981670379639,32.8320007324219,-1.08399999141693,392,238,1229,-0.00999999977648258,61.7400016784668,163.690002441406,0.580065369606018
"species",159,159,6,16.2455005645752,33.076000213623,-0.699999988079071,410,241,1255,0.0199999995529652,60.939998626709,162.520004272461,0.580065369606018
"species",160,160,4,16.3969993591309,32.3559989929199,0.360000014305115,422,249,1282,0.0599999986588955,59.7599983215332,158.470001220703,0.580065369606018
"species",161,161,12,16.5234375,31.2937507629395,2.04999995231628,422,275,1320,0.119999997317791,57.0900001525879,136.259994506836,0.58300656080246
"species",162,162,137,15.179666519165,32.8680000305176,-3.50399994850159,413,264,1384,0.0599999986588955,129.300003051758,121.870002746582,0.588888883590698
"species",163,163,1138,10.6724996566772,25.8799991607666,-5.28800010681152,454,398,1702,0.360000014305115,75.2300033569336,104.040000915527,0.60065358877182
"species",164,164,698,12.8943328857422,29.568000793457,-3.89199995994568,369,314,1376,0.100000001490116,41.3400001525879,157.660003662109,0.577777802944183
"species",165,165,290,14.7526664733887,32.0480003356934,-3.01600003242493,347,301,1299,0.0299999993294477,44.9300003051758,125.980003356934,0.576143801212311
"species",166,166,331,14.5958337783813,31.8479995727539,-3.01600003242493,344,299,1292,0.0299999993294477,44.3300018310547,169.009994506836,0.579084992408752
"species",167,167,286,14.9143333435059,32.3199996948242,-2.70799994468689,329,277,1226,-0.0299999993294477,89.2699966430664,167.399993896484,0.579084992408752
"species",168,168,225,15.2898330688477,32.6679992675781,-2.5,313,263,1159,-0.0900000035762787,89.370002746582,59.9199981689453,0.581045746803284
"species",169,169,203,15.4048337936401,32.9679985046387,-2.3199999332428,317,264,1156,-0.109999999403954,61.560001373291,169.899993896484,0.581045746803284
"species",170,170,197,15.4390001296997,32.9039993286133,-2.35599994659424,330,261,1185,-0.0900000035762787,61.7999992370605,170.179992675781,0.581045746803284
"species",171,171,210,15.4370002746582,32.423999786377,-1.86799991130829,346,257,1193,-0.0599999986588955,61.060001373291,167.639999389648,0.582352936267853
"species",172,172,149,15.658332824707,32.9679985046387,-1.93599998950958,351,253,1181,-0.0799999982118607,61.6300010681152,167.449996948242,0.584640502929688
"species",173,173,134,15.6604995727539,32.9160003662109,-1.79999995231628,356,250,1189,-0.0599999986588955,61.3800010681152,164.850006103516,0.579738557338715
"species",174,174,83,15.8421669006348,33.2639999389648,-1.72000002861023,358,245,1186,-0.0599999986588955,61.5400009155273,163.270004272461,0.579738557338715
"species",175,175,62,15.8334999084473,33.1199989318848,-1.66400003433228,368,241,1203,-0.0599999986588955,62.1800003051758,165.029998779297,0.578758180141449
"species",176,176,31,16.075834274292,33.1840019226074,-1.31199991703033,390,235,1223,-0.0399999991059303,62.5,164.889999389648,0.579738557338715
"species",177,177,34,16.1168327331543,33.3079986572266,-1.20000004768372,404,243,1252,-0.0199999995529652,62.8699989318848,165.410003662109,0.579738557338715
"species",178,178,17,16.2574996948242,33.1199989318848,-0.660000026226044,412,244,1271,-0.00999999977648258,63.7099990844727,167.279998779297,0.582352936267853
"species",179,179,18,16.4200000762939,33.1279983520508,-0.260000020265579,433,248,1301,0.0299999993294477,62.5800018310547,162.050003051758,0.581045746803284
"species",180,180,3,16.7652778625488,31.906665802002,1.86000001430511,441,274,1346,0.109999999403954,60,139.610000610352,0.574509799480438
"species",181,181,80,16.3210010528564,33.2239990234375,-1.61600005626678,416,245,1356,0.0399999991059303,124.099998474121,116,0.573202610015869
"species",182,182,99,15.9344997406006,33.1279983520508,-2.36800003051758,415,251,1364,0.0500000007450581,126.51000213623,118.610000610352,0.582679748535156
"species",183,183,141,15.59850025177,32.9280014038086,-2.91600012779236,416,262,1379,0.0700000002980232,127.650001525879,120.639999389648,0.582679748535156
"species",184,184,146,15.4914999008179,32.976001739502,-3,424,266,1403,0.0700000002980232,129.25,121.839996337891,0.587254881858826
"species",185,185,131,15.4983329772949,33.0960006713867,-2.91200017929077,437,269,1438,0.0599999986588955,131.899993896484,124.069999694824,0.589542508125305
"species",186,186,146,15.4060001373291,32.3440017700195,-2.47200012207031,437,274,1450,0.0599999986588955,132.979995727539,126.98999786377,0.595424830913544
"species",187,187,1181,10.6986665725708,25.9599990844727,-5.27600002288818,558,476,2082,0.479999989271164,103.080001831055,49.1800003051758,0.582352936267853
"species",188,188,699,13.1891670227051,28.9759998321533,-3.04399991035461,482,449,1864,0.349999994039536,84.4000015258789,57.2299995422363,0.582352936267853
"species",189,189,343,14.9106664657593,31.7040004730225,-2.44000005722046,399,338,1478,0.129999995231628,88.8899993896484,60.810001373291,0.567647039890289
"species",190,190,302,15.0384998321533,32.2600021362305,-2.46399998664856,365,312,1339,0.0599999986588955,89.8099975585938,61.2799987792969,0.569281041622162
"species",191,191,229,15.2468328475952,32.7560005187988,-2.48799991607666,348,298,1282,-0.0199999995529652,91.6500015258789,62.9300003051758,0.575490176677704
"species",192,192,204,15.4545001983643,32.9080009460449,-2.21600008010864,337,279,1230,-0.0500000007450581,91.6600036621094,62.810001373291,0.575490176677704
"species",193,193,206,15.7151670455933,32.3440017700195,-1.19600009918213,326,271,1185,-0.0599999986588955,61.2799987792969,60.5699996948242,0.578758180141449
"species",194,194,199,15.7361669540405,33.0799980163574,-1.77600002288818,327,273,1197,-0.0900000035762787,61.8899993896484,167.119995117188,0.581372559070587
"species",195,195,155,15.9390001296997,33.3759994506836,-1.75199997425079,345,263,1202,-0.0900000035762787,62.8400001525879,168.729995727539,0.581372559070587
"species",196,196,76,16.2823333740234,33.6879997253418,-1.2960000038147,359,248,1180,-0.109999999403954,64.129997253418,172.229995727539,0.581372559070587
"species",197,197,123,16.0681667327881,33.2999992370605,-1.41600000858307,374,252,1199,-0.0900000035762787,63.5400009155273,170.270004272461,0.579411745071411
"species",198,198,95,16.1793327331543,33.2400016784668,-1.12000000476837,376,243,1196,-0.0799999982118607,63.1599998474121,166.410003662109,0.578758180141449
"species",199,199,28,16.4301662445068,33.4560012817383,-0.628000020980835,373,233,1181,-0.0799999982118607,63.4799995422363,165.610000610352,0.578758180141449
"species",200,200,47,16.2803325653076,33.515998840332,-0.931999981403351,396,234,1219,-0.0399999991059303,63.7299995422363,163.710006713867,0.580065369606018
"species",201,201,48,16.3735008239746,33.2999992370605,-0.600000023841858,424,234,1269,-0.00999999977648258,63.939998626709,164.25,0.579738557338715
"species",202,202,41,16.4729995727539,33.3199996948242,-0.328000009059906,440,243,1307,0.0199999995529652,64.379997253418,164.729995727539,0.579738557338715
"species",203,203,12,16.6529998779297,33.3680000305176,0.0320000015199184,450,249,1327,0.0199999995529652,65.1699981689453,165.479995727539,0.579084992408752
"species",204,204,7,16.8713550567627,32.8250007629395,1.15416669845581,467,255,1360,0.0700000002980232,63.4500007629395,143.449996948242,0.578758180141449
"species",205,205,5,17.0053329467773,32.8520011901855,1.53600001335144,469,285,1396,0.119999997317791,61.1800003051758,138.149993896484,0.575490176677704
"species",206,206,138,15.7821664810181,33.0320014953613,-2.58399987220764,431,265,1430,0.0799999982118607,127.459999084473,119.959999084473,0.580065369606018
"species",207,207,124,15.8138332366943,33.2039985656738,-2.50399994850159,434,270,1450,0.0900000035762787,130.600006103516,123.669998168945,0.580065369606018
"species",208,208,163,15.6811666488647,33.0359992980957,-2.56799983978271,439,264,1457,0.100000001490116,129.919998168945,123.23999786377,0.585947692394257
"species",209,209,154,15.6990003585815,33.1199989318848,-2.41200017929077,448,269,1469,0.0799999982118607,130.369995117188,123.25,0.591503262519836
"species",210,210,172,15.5431671142578,33.1159973144531,-2.74799990653992,447,279,1476,0.0700000002980232,132.559997558594,126.080001831055,0.596078455448151
"species",211,211,162,15.5375003814697,32.8400001525879,-2.68400001525879,429,275,1441,0.0500000007450581,132.619995117188,126.980003356934,0.596078455448151
"species",212,212,500,14.1351671218872,30.4160003662109,-3.01999998092651,470,372,1636,0.259999990463257,87.129997253418,59.9500007629395,0.599673211574554
"species",213,213,272,15.3983335494995,32.1959991455078,-2.03200006484985,430,341,1496,0.119999997317791,90.7399978637695,62.8699989318848,0.584313750267029
"species",214,214,248,15.7141666412354,32.3520011901855,-1.27199995517731,405,313,1384,0.0599999986588955,91.1800003051758,62.810001373291,0.584313750267029
"species",215,215,260,15.6691665649414,32.8800010681152,-1.66799998283386,385,309,1344,0.00999999977648258,90.1399993896484,62.0999984741211,0.575490176677704
"species",216,216,210,15.7084999084473,33.0799980163574,-1.84799993038177,359,288,1246,-0.0599999986588955,92.1699981689453,63.3199996948242,0.573856234550476
"species",217,217,161,15.7915000915527,33.3720016479492,-1.79999995231628,347,277,1215,-0.0799999982118607,94.4300003051758,65.370002746582,0.575163424015045
"species",218,218,155,15.97350025177,33.3520011901855,-1.55200004577637,341,268,1203,-0.0900000035762787,64.5500030517578,64.8199996948242,0.575163424015045
"species",219,219,165,16.1148338317871,33.3880004882812,-1.38399994373322,339,261,1201,-0.0799999982118607,63.7700004577637,169.380004882812,0.579084992408752
"species",220,220,191,16.0448341369629,33.0879974365234,-1.21600008010864,347,266,1215,-0.0799999982118607,63.060001373291,166.729995727539,0.581045746803284
"species",221,221,137,16.332332611084,33.5200004577637,-0.907999992370605,355,258,1202,-0.0900000035762787,63.9500007629395,168.210006713867,0.581045746803284
"species",222,222,53,16.66233253479,34.015998840332,-0.740000009536743,370,245,1184,-0.109999999403954,65.5800018310547,172.229995727539,0.582352936267853
"species",223,223,62,16.662166595459,33.7239990234375,-0.684000015258789,371,230,1159,-0.129999995231628,66.0699996948242,173.029998779297,0.580392181873322
"species",224,224,51,16.6198329925537,33.6959991455078,-0.532000005245209,391,236,1202,-0.100000001490116,65.9499969482422,170.259994506836,0.580065369606018
"species",225,225,43,16.5381660461426,33.4599990844727,-0.42399999499321,397,229,1212,-0.0700000002980232,65.5699996948242,166.240005493164,0.580065369606018
"species",226,226,24,16.6773338317871,33.5559997558594,-0.0920000001788139,419,222,1221,-0.0500000007450581,66.1999969482422,163.199996948242,0.580065369606018
"species",227,227,23,16.8166675567627,33.5400009155273,0.203999996185303,471,228,1312,0,66.4499969482422,165.110000610352,0.578431367874146
"species",228,228,10,17.0034999847412,33.7080001831055,0.755999982357025,488,237,1350,0.0399999991059303,66.2699966430664,163.369995117188,0.578431367874146
"species",229,229,6,17.2921295166016,32.6666679382324,2.46111106872559,495,281,1419,0.109999999403954,64.4199981689453,140.130004882812,0.996078431606293
"species",230,230,111,16.0356674194336,33.3880004882812,-2.28800010681152,434,265,1451,0.0700000002980232,132.339996337891,124.620002746582,0.580065369606018
"species",231,231,148,15.8880004882812,33.0879974365234,-2.2960000038147,443,271,1475,0.100000001490116,131.339996337891,124.949996948242,0.580065369606018
"species",232,232,149,15.9473333358765,33.2360000610352,-2.06399989128113,439,265,1459,0.0900000035762787,130.570007324219,124.48999786377,0.585947692394257
"species",233,233,140,16.0026664733887,33.2320022583008,-2.01999998092651,445,270,1465,0.0700000002980232,131.830001831055,126.059997558594,0.591503262519836
"species",234,234,141,15.8548336029053,33.431999206543,-2.48799991607666,447,280,1481,0.0700000002980232,134.369995117188,129.320007324219,0.596078455448151
"species",235,235,267,15.2293329238892,32.5960006713867,-2.70799994468689,449,283,1491,0.119999997317791,130.940002441406,125.529998779297,0.596078455448151
"species",236,236,295,15.176833152771,32.4199981689453,-2.59999990463257,444,293,1507,0.140000000596046,128.460006713867,123.25,0.597058832645416
"species",237,237,271,15.3223333358765,32.4599990844727,-2.41600012779236,431,290,1483,0.119999997317791,129.009994506836,60.5099983215332,0.599346399307251
"species",238,238,201,16.0471668243408,33.3079986572266,-1.5,369,278,1239,-0.0900000035762787,93.4700012207031,64.7799987792969,0.575490176677704
"species",239,239,154,16.1243343353271,33.6599998474121,-1.39999997615814,353,271,1184,-0.119999997317791,95.5800018310547,66.0100021362305,0.573856234550476
"species",240,240,168,16.1191673278809,33.6079978942871,-1.41199994087219,348,272,1208,-0.109999999403954,66.2399978637695,66.4000015258789,0.575163424015045
"species",241,241,107,16.5539989471436,33.7879981994629,-0.879999995231628,336,255,1178,-0.129999995231628,66.9899978637695,67.5500030517578,0.575163424015045
"species",242,242,132,16.533166885376,33.6279983520508,-0.828000009059906,338,248,1168,-0.129999995231628,65.8600006103516,173.580001831055,0.579084992408752
"species",243,243,107,16.545166015625,33.6279983520508,-0.695999979972839,355,251,1185,-0.129999995231628,65.25,166.800003051758,0.581045746803284
"species",244,244,76,16.7463340759277,33.8959999084473,-0.516000032424927,363,240,1170,-0.129999995231628,65.9700012207031,168.899993896484,0.581045746803284
"species",245,245,54,16.9381656646729,34.0999984741211,-0.232000008225441,367,238,1169,-0.119999997317791,66.4000015258789,169.740005493164,0.582352936267853
"species",246,246,22,17.0413341522217,34.076000213623,-0.0480000004172325,386,228,1169,-0.140000000596046,67.6800003051758,171.619995117188,0.580392181873322
"species",247,247,42,16.9116668701172,33.9000015258789,0.00800000037997961,405,231,1207,-0.109999999403954,68.1900024414062,172.300003051758,0.580065369606018
"species",248,248,23,16.8301658630371,33.7000007629395,0.112000003457069,416,225,1240,-0.0700000002980232,67.7699966430664,167.059997558594,0.580065369606018
"species",249,249,21,16.9138336181641,33.5519981384277,0.607999980449677,443,229,1279,-0.0199999995529652,67.5699996948242,162.240005493164,0.580065369606018
"species",250,250,13,17.1033325195312,33.3680000305176,1.08000004291534,489,237,1356,0.0299999993294477,67.6699981689453,147.179992675781,0.578431367874146
"species",251,251,12,17.3120002746582,33.3600006103516,1.60800004005432,517,245,1398,0.0799999982118607,66.9899978637695,144.679992675781,0.578431367874146
"species",252,252,84,16.5104999542236,33.6199989318848,-1.87199997901917,425,247,1423,0.0500000007450581,133.149993896484,124.900001525879,0.570261418819427
"species",253,253,90,16.3826675415039,33.7360000610352,-1.76800000667572,429,254,1440,0.0599999986588955,134.929992675781,127.730003356934,0.578758180141449
"species",254,254,86,16.3933334350586,33.7760009765625,-1.7039999961853,424,251,1421,0.0399999991059303,134.830001831055,128.669998168945,0.578758180141449
"species",255,255,138,16.2181663513184,33.2680015563965,-1.67200005054474,428,262,1439,0.0799999982118607,131.169998168945,125.339996337891,0.584640502929688
"species",256,256,91,16.4451675415039,33.7680015563965,-1.60000002384186,428,265,1426,0.0500000007450581,132.509994506836,127.209999084473,0.590522885322571
"species",257,257,118,16.1240005493164,33.6679992675781,-2.19600009918213,440,282,1487,0.0700000002980232,134.940002441406,130.899993896484,0.594117641448975
"species",258,258,172,15.7933330535889,33.4080009460449,-2.34400010108948,443,284,1506,0.0900000035762787,134.679992675781,130.440002441406,0.594117641448975
"species",259,259,190,15.7720003128052,33.3520011901855,-2.23200011253357,443,289,1503,0.109999999403954,132.089996337891,64.5,0.596405208110809
"species",260,260,173,15.8923330307007,32.5919990539551,-1.56400001049042,440,281,1466,0.0799999982118607,131.550003051758,64.6800003051758,0.599346399307251
"species",261,261,147,16.4656658172607,33.5880012512207,-0.983999967575073,361,253,1197,-0.129999995231628,96.9300003051758,67.2699966430664,0.578431367874146
"species",262,262,150,16.4031658172607,33.8320007324219,-1.12800002098083,352,246,1195,-0.129999995231628,97.3499984741211,67.0500030517578,0.576143801212311
"species",263,263,150,16.55299949646,34.1079978942871,-1,345,256,1199,-0.129999995231628,67.9800033569336,68.0800018310547,0.575816988945007
"species",264,264,165,16.7336673736572,33.4160003662109,-0.348000019788742,357,251,1205,-0.100000001490116,67.8600006103516,175.399993896484,0.575816988945007
"species",265,265,62,17.5326671600342,34.1319999694824,0.464000016450882,363,235,1163,-0.140000000596046,68.6800003051758,175.869995117188,0.578104555606842
"species",266,266,46,17.2119998931885,33.923999786377,0.0920000001788139,375,233,1172,-0.150000005960464,67.6500015258789,169.149993896484,0.580392181873322
"species",267,267,44,17.1984996795654,34.1679992675781,0.11600000411272,391,235,1196,-0.140000000596046,67.8399963378906,170.570007324219,0.580392181873322
"species",268,268,39,17.2309989929199,34.0639991760254,0.351999998092651,392,228,1191,-0.129999995231628,68.9899978637695,172.330001831055,0.584967315196991
"species",269,269,28,17.3116664886475,34.1040000915527,0.564000010490417,411,228,1213,-0.109999999403954,69.3099975585938,171.820007324219,0.584640502929688
"species",270,270,14,17.3313331604004,33.8800010681152,0.819999992847443,435,237,1270,-0.0799999982118607,69.4400024414062,170.779998779297,0.583660125732422
"species",271,271,5,17.3239994049072,33.8920021057129,1.07200002670288,446,231,1286,-0.0299999993294477,68.8499984741211,163.240005493164,0.583660125732422
"species",272,272,11,17.292667388916,33.5999984741211,1.48000001907349,480,246,1351,0.0199999995529652,68.6500015258789,145.470001220703,0.576797366142273
"species",273,273,13,17.4658336639404,33.3040008544922,2.00399994850159,538,270,1447,0.0700000002980232,68.8000030517578,145.080001831055,0.572875797748566
"species",274,274,100,16.5416660308838,33.8320007324219,-1.46399998664856,420,259,1431,0.0500000007450581,134.330001831055,128.910003662109,0.580392181873322
"species",275,275,154,16.3509998321533,33.3600006103516,-1.49600005149841,429,264,1446,0.0500000007450581,134.320007324219,96.5899963378906,0.580392181873322
"species",276,276,92,16.65016746521,33.9200019836426,-1.27199995517731,422,261,1410,0.0399999991059303,133.029998779297,95.1900024414062,0.588562071323395
"species",277,277,70,16.7601661682129,33.976001739502,-0.991999983787537,419,266,1411,0.0500000007450581,131.660003662109,94.620002746582,0.589542508125305
"species",278,278,91,16.5138339996338,33.7039985656738,-1.61199998855591,436,277,1472,0.0599999986588955,134.130004882812,96.4400024414062,0.593790829181671
"species",279,279,145,16.2171669006348,33.3559989929199,-1.88399994373322,457,284,1517,0.0799999982118607,135.169998168945,97.4499969482422,0.593790829181671
"species",280,280,179,16.0806674957275,33.2080001831055,-1.89199995994568,453,285,1504,0.0900000035762787,132.580001831055,66.0599975585938,0.594444453716278
"species",281,281,137,16.3428325653076,33.560001373291,-1.59200000762939,445,278,1465,0.0700000002980232,131.839996337891,66.4700012207031,0.594444453716278
"species",282,282,189,16.3705005645752,33.2239990234375,-0.772000014781952,423,279,1417,0.0500000007450581,129.070007324219,65.1900024414062,0.594444453716278
"species",283,283,96,17.0483341217041,33.984001159668,-0.296000003814697,347,227,1182,-0.150000005960464,99.879997253418,69.8300018310547,0.578104555606842
"species",284,284,148,16.9893341064453,34.0559997558594,-0.280000001192093,360,236,1208,-0.119999997317791,69.6600036621094,177.910003662109,0.581372559070587
"species",285,285,118,17.2283325195312,34.3320007324219,0.0600000023841858,374,241,1202,-0.129999995231628,70.5100021362305,177.699996948242,0.581372559070587
"species",286,286,87,17.4559993743896,34.2519989013672,0.572000026702881,385,233,1194,-0.129999995231628,70.6100006103516,175.509994506836,0.582352936267853
"species",287,287,54,17.5786666870117,34.2639999389648,0.796000003814697,393,219,1181,-0.150000005960464,70.2799987792969,173.960006713867,0.585620939731598
"species",288,288,43,17.5621662139893,34.2400016784668,0.819999992847443,404,216,1191,-0.150000005960464,71.2900009155273,175.860000610352,0.585620939731598
"species",289,289,20,17.5908336639404,34.2999992370605,0.967999994754791,411,234,1231,-0.119999997317791,71.3600006103516,175.759994506836,0.585294127464294
"species",290,290,21,17.6088333129883,34.1920013427734,1.26800000667572,430,244,1265,-0.0799999982118607,70.7399978637695,171.669998168945,0.583986937999725
"species",291,291,11,17.7586669921875,34.0719985961914,1.8639999628067,464,257,1328,-0.00999999977648258,69.25,163.979995727539,0.996078431606293
"species",292,292,115,16.7023334503174,33.6879997253418,-1.26800000667572,433,269,1468,0.0500000007450581,135.830001831055,98.4499969482422,0.580392181873322
"species",293,293,149,16.5538330078125,33.6399993896484,-1.39600002765656,435,271,1472,0.0500000007450581,134.679992675781,97.7600021362305,0.580392181873322
"species",294,294,100,16.7981662750244,33.7119979858398,-0.919999957084656,429,264,1426,0.0399999991059303,132.990005493164,97.0199966430664,0.588562071323395
"species",295,295,87,16.8920001983643,34.0279998779297,-0.860000014305115,427,258,1383,0.0299999993294477,132.779998779297,96.2300033569336,0.589542508125305
"species",296,296,83,16.8143329620361,33.8120002746582,-1.03999996185303,434,260,1415,0.0299999993294477,134.270004272461,97.4199981689453,0.593790829181671
"species",297,297,102,16.7078342437744,33.7400016784668,-1.16799998283386,445,278,1472,0.0500000007450581,134.389999389648,97.5299987792969,0.593790829181671
"species",298,298,95,16.921667098999,33.4599990844727,-0.0640000030398369,437,278,1456,0.0399999991059303,133.490005493164,67.7300033569336,0.594444453716278
"species",299,299,179,16.4636669158936,33.3479995727539,-1.06400001049042,448,278,1483,0.0799999982118607,130.75,66.870002746582,0.594444453716278
"species",300,300,69,17.5676670074463,34.2999992370605,0.483999997377396,361,221,1171,-0.170000001788139,72.620002746582,178.389999389648,0.581372559070587
"species",301,301,80,17.6620006561279,34.4360008239746,0.755999982357025,384,229,1196,-0.150000005960464,72.4000015258789,177.009994506836,0.581372559070587
"species",302,302,49,17.8675003051758,34.2960014343262,1.28799998760223,409,223,1211,-0.140000000596046,72,175.179992675781,0.582352936267853
"species",303,303,40,17.8810005187988,34.1879997253418,1.36799991130829,418,220,1228,-0.119999997317791,71.9000015258789,173.490005493164,0.585620939731598
"species",304,304,33,17.8491668701172,34.007999420166,1.58800005912781,437,228,1262,-0.0900000035762787,71.4300003051758,171.5,0.585620939731598
"species",305,305,19,17.9635009765625,33.7639999389648,2.37199997901917,453,232,1276,-0.0599999986588955,70.6399993896484,168.399993896484,0.585294127464294
"species",306,306,12,18.0090007781982,33.8199996948242,2.76799988746643,457,245,1296,-0.0399999991059303,70.5400009155273,165.479995727539,0.583986937999725
"species",307,307,125,16.9265003204346,33.7919998168945,-0.76800000667572,430,262,1456,0.0199999995529652,137.860000610352,132.529998779297,0.58300656080246
"species",308,308,158,16.7843322753906,33.5799980163574,-0.819999992847443,432,267,1463,0.0399999991059303,135.330001831055,99.7600021362305,0.58300656080246
"species",309,309,133,16.9128341674805,33.7879981994629,-0.551999986171722,432,260,1431,0.0399999991059303,133.339996337891,98.7900009155273,0.591176450252533
"species",310,310,88,17.0948333740234,33.9640007019043,-0.512000024318695,428,258,1404,0.0199999995529652,133.880004882812,99.4599990844727,0.590522885322571
"species",311,311,47,17.2643337249756,34.2159996032715,-0.236000001430511,425,255,1384,0.00999999977648258,134.850006103516,99.5199966430664,0.588562071323395
"species",312,312,58,17.2285003662109,34.068000793457,-0.0839999988675117,435,270,1417,0,134.440002441406,99.3099975585938,0.588562071323395
"species",313,313,93,17.1030006408691,33.8680000305176,-0.476000010967255,438,282,1442,0.0299999993294477,132.490005493164,69,0.588562071323395
"species",314,314,73,17.2940006256104,34.0439987182617,-0.120000004768372,439,281,1436,0.0399999991059303,131.970001220703,69.6800003051758,0.587908506393433
"species",315,315,131,17.2091674804688,33.7400016784668,-0.0920000001788139,426,266,1447,0.00999999977648258,138.240005493164,71.75,0.584967315196991
"species",316,316,136,17.1494998931885,33.9400024414062,-0.260000020265579,434,274,1461,0.0299999993294477,136.589996337891,101.110000610352,0.584967315196991
"species",317,317,145,17.0974998474121,33.8880004882812,-0.148000001907349,442,270,1462,0.0299999993294477,134.630004882812,100.559997558594,0.596078455448151
"species",318,318,87,17.3803329467773,34.1279983520508,0.175999999046326,439,259,1455,0.00999999977648258,135.960006713867,102.129997253418,0.589869260787964
"species",319,319,48,17.49049949646,34.3759994506836,0.156000003218651,437,267,1448,0.00999999977648258,137.070007324219,102.849998474121,0.586601316928864
"species",320,320,33,17.6893329620361,34.3559989929199,0.76800000667572,433,271,1404,0,135.610000610352,71.5699996948242,0.586601316928864
"species",321,321,57,17.7135009765625,34.3240013122559,0.759999990463257,439,264,1386,-0.00999999977648258,134.679992675781,71.3600006103516,0.584640502929688
"species",322,322,105,17.6958332061768,34.3079986572266,0.600000023841858,424,272,1451,-0.00999999977648258,137.520004272461,102.430000305176,0.580065369606018
"species",323,323,127,17.4783325195312,34.0279998779297,0.360000014305115,438,287,1491,0.0299999993294477,138.080001831055,73.8300018310547,0.583660125732422
"species",324,324,123,17.4208335876465,33.931999206543,0.379999995231628,447,287,1490,0.0399999991059303,136.220001220703,102.26000213623,0.583660125732422
"species",325,325,106,17.5081672668457,34.1319999694824,0.420000016689301,445,273,1457,0.00999999977648258,137.080001831055,103.220001220703,0.586601316928864
"species",326,326,137,17.3471660614014,33.9000015258789,0.291999995708466,463,277,1517,0.0399999991059303,136.75,73.5,0.585947692394257
"species",327,327,51,17.7275009155273,34.4640007019043,0.508000016212463,459,274,1496,0.0199999995529652,138.630004882812,74.8899993896484,0.583333313465118
"species",328,328,50,17.7880001068115,34.3800010681152,0.688000023365021,449,264,1449,0,138,74.2099990844727,0.583333313465118
"species",329,329,132,17.8733329772949,33.8279991149902,1.29999995231628,456,286,1530,0.0399999991059303,137.130004882812,74.3099975585938,0.576797366142273
"species",330,330,141,17.7961673736572,33.9360008239746,1.12800002098083,448,289,1527,0.0500000007450581,138.029998779297,103.900001525879,0.580065369606018
"species",331,331,134,17.7766666412354,34.0719985961914,1.06000006198883,443,289,1501,0.0599999986588955,136.449996948242,104.150001525879,0.583660125732422
"species",332,332,102,17.8901672363281,34.1959991455078,1.14800000190735,438,290,1487,0.0399999991059303,136.220001220703,74.9000015258789,0.583660125732422
"species",333,333,107,17.7633323669434,34.1359977722168,0.991999983787537,439,283,1475,0.0299999993294477,137.850006103516,75.5,0.586601316928864
"species",334,334,87,17.8516674041748,34.2879981994629,1.02799999713898,453,278,1491,0.0299999993294477,139.979995727539,76.7600021362305,0.585947692394257
"species",335,335,37,18.1308326721191,34.4160003662109,1.35599994659424,462,282,1517,0.0199999995529652,141.039993286133,77.6399993896484,0.583333313465118
"species",336,336,90,17.9120006561279,34.1920013427734,1.09600007534027,472,275,1530,0.0299999993294477,139.619995117188,76.7600021362305,0.583333313465118
"species",337,337,65,18.3288326263428,34.068000793457,1.92799997329712,460,304,1571,0.0700000002980232,137.720001220703,58.9500007629395,0.577124178409576
"species",338,338,110,18.128999710083,33.6679992675781,1.77199995517731,458,302,1558,0.0599999986588955,139.259994506836,76.370002746582,0.58071893453598
"species",339,339,138,18.0501670837402,33.7799987792969,1.64800000190735,464,304,1570,0.0599999986588955,106.300003051758,76.6999969482422,0.58071893453598
"species",340,340,65,18.4685001373291,34.3440017700195,2.05599999427795,464,300,1574,0.0399999991059303,108.440002441406,77.9899978637695,0.579738557338715
"species",341,341,130,18.1623344421387,33.9200019836426,1.88399994373322,458,312,1578,0.0799999982118607,105.599998474121,59.4799995422363,0.58071893453598
"species",342,342,67,18.4354991912842,34.4799995422363,2.11999988555908,449,309,1539,0.0500000007450581,106.160003662109,76.9400024414062,0.58071893453598
"species",343,343,74,18.1900005340576,34.3320007324219,1.72800004482269,444,304,1519,0.0399999991059303,107.75,77.75,0.582679748535156
"species",344,344,72,18.1853332519531,34.3320007324219,1.62000000476837,444,310,1534,0.0500000007450581,108.160003662109,78.3399963378906,0.582026124000549
"species",345,345,45,18.4351673126221,34.5439987182617,2,458,301,1561,0.0500000007450581,108.480003356934,79.1100006103516,0.577777802944183
"species",346,346,60,18.4185009002686,33.8600006103516,2.29200005531311,466,299,1576,0.0599999986588955,108.01000213623,79.0299987792969,0.577777802944183
"species",347,347,100,18.4619998931885,33.6640014648438,2.38800001144409,466,330,1626,0.100000001490116,136.820007324219,60.189998626709,0.582352936267853
"species",348,348,99,18.4308338165283,33.8080024719238,2.26799988746643,454,320,1597,0.0900000035762787,107.690002441406,60.7799987792969,0.579084992408752
"species",349,349,112,18.4951667785645,33.8800010681152,2.33599996566772,452,316,1604,0.0900000035762787,107.019996643066,61,0.579084992408752
"species",350,350,116,18.5659999847412,33.9879989624023,2.5239999294281,468,312,1633,0.100000001490116,107.190002441406,77.9000015258789,0.578758180141449
"species",351,351,109,18.5846672058105,33.8040008544922,2.6399998664856,466,320,1616,0.100000001490116,106.529998779297,77.0699996948242,0.574836611747742
"species",352,352,76,18.6389999389648,34.1720008850098,2.66799998283386,464,325,1603,0.0900000035762787,106.400001525879,77.0299987792969,0.574836611747742
"species",353,353,83,18.4551658630371,33.8359985351562,2.42799997329712,452,324,1600,0.0900000035762787,107.650001525879,78.2200012207031,0.576143801212311
"species",354,354,42,18.6714992523193,34.4599990844727,2.50799989700317,449,325,1602,0.0799999982118607,108.860000610352,79.3199996948242,0.581372559070587
"species",355,355,47,19.0653343200684,34.0639991760254,3.30800008773804,442,334,1603,0.100000001490116,105.360000610352,61.9300003051758,0.579738557338715
"species",356,356,58,18.9471664428711,34.023998260498,3.07999992370605,451,335,1648,0.140000000596046,107.970001220703,63.1100006103516,0.580065369606018
"species",357,357,57,19.0275001525879,34.1199989318848,3.12800002098083,453,333,1648,0.100000001490116,109.01000213623,108.400001525879,0.580065369606018
"species",358,358,51,19.1005001068115,34.0999984741211,3.38000011444092,456,325,1643,0.109999999403954,107.089996337891,79.1699981689453,0.572549045085907
"species",359,359,44,19.1725006103516,34.0480003356934,3.68400001525879,447,316,1588,0.100000001490116,106.51000213623,78.0899963378906,0.565686285495758
"species",360,360,70,19.0328330993652,33.7799987792969,3.68799996376038,462,331,1648,0.140000000596046,104.569999694824,156.919998168945,0.565686285495758
"species",361,361,54,19.0136661529541,33.9599990844727,3.62800002098083,487,337,1668,0.150000005960464,77.3399963378906,155.889999389648,0.571241855621338
"species",362,362,24,19.1003322601318,34.0559997558594,3.74799990653992,476,337,1650,0.140000000596046,77.8199996948242,156.139999389648,0.567647039890289
"species",363,363,9,19.486499786377,33.7239990234375,4.35200023651123,453,339,1629,0.100000001490116,106.23999786377,158.529998779297,0.580065369606018
"species",364,364,14,19.4476661682129,33.8120002746582,4.29199981689453,439,325,1584,0.0799999982118607,104.769996643066,156.399993896484,0.572549045085907
"species",365,365,11,19.4721660614014,33.8720016479492,4.49200010299683,449,325,1572,0.100000001490116,104.069999694824,154.369995117188,0.565686285495758
"species",366,366,3,20.7455005645752,33.5919990539551,6.9520001411438,463,326,1584,0.100000001490116,76.1100006103516,148.229995727539,0.561111092567444
"species",367,367,2420,14.8826665878296,22.1879997253418,7.87599992752075,606,52,1179,-0.00999999977648258,110.440002441406,118.580001831055,0.651960790157318
