"species","x","y","alt","wc2.0_bio_2.5m_1","wc2.0_bio_2.5m_5","wc2.0_bio_2.5m_6","wc2.0_bio_2.5m_16","wc2.0_bio_2.5m_17","current_2.5arcmin_climaticMoistureIndex","current_2.5arcmin_PETDriestQuarter","current_2.5arcmin_PETWettestQuarter","Cropped_Cloud"
"species",1,1,575,14.1333332061768,28.0520000457764,-0.504000008106232,734,41,0.150000005960464,198.050003051758,34.189998626709,68.5364227294922
"species",2,2,210,10.6731662750244,28.7360000610352,-10.8839998245239,321,160,-0.0500000007450581,21.2299995422363,156.380004882812,175.96842956543
"species",3,3,310,12.7483329772949,31.3279991149902,-7.5959997177124,341,147,-0.0900000035762787,30.3600006103516,141.110000610352,134.67854309082
"species",4,4,268,12.5856666564941,30.8959999084473,-7.5479998588562,312,183,-0.150000005960464,31.6200008392334,148.580001831055,136.859283447266
"species",5,5,136,13.2253332138062,30.9799995422363,-7.19199991226196,351,236,-0.0399999991059303,121.51000213623,107.769996643066,157.586944580078
"species",6,6,248,12.280499458313,29.7199993133545,-7.33599996566772,349,253,0.0199999995529652,116.519996643066,104.779998779297,164.162445068359
"species",7,7,277,12.0648336410522,29.6440010070801,-7.35599994659424,336,246,0.0199999995529652,77.9800033569336,105.790000915527,163
"species",8,8,654,10.7898330688477,28.2759990692139,-8.09200000762939,301,222,-0.0900000035762787,31.8299999237061,157,167.302658081055
"species",9,9,593,10.8608331680298,27.8920001983643,-7.23999977111816,281,199,-0.109999999403954,30.4699993133545,156.610000610352,159.072982788086
"species",10,10,189,15.3345003128052,33.5039978027344,-3.94000005722046,354,167,-0.159999996423721,40.060001373291,148.220001220703,136.883682250977
"species",11,11,356,13.8656663894653,31.8559989929199,-5.40799999237061,342,203,-0.100000001490116,37.9700012207031,146.779998779297,125.72444152832
"species",12,12,203,13.8280000686646,32.4440002441406,-6.40000009536743,339,252,-0.0900000035762787,37.1300010681152,119.680000305176,132.23046875
"species",13,13,126,14.3391666412354,31.8759994506836,-4.42399978637695,384,276,0.0700000002980232,125.790000915527,119.209999084473,129.887847900391
"species",14,14,222,14.3278331756592,31.9440002441406,-4.35200023651123,388,292,0.0900000035762787,125.800003051758,118.519996643066,157.636108398438
"species",15,15,793,10.9163331985474,27.6439990997314,-6.48799991607666,318,236,-0.0199999995529652,34.060001373291,152.699996948242,166.797180175781
"species",16,16,433,12.6586666107178,29.9120006561279,-5.21199989318848,293,227,-0.0900000035762787,34.2599983215332,161.850006103516,153.691268920898
"species",17,17,286,15.3404998779297,32.4560012817383,-2.39199995994568,425,274,0.0900000035762787,127.819999694824,90.4499969482422,140.368240356445
