"species","x","y","alt","wc2.0_bio_2.5m_1","wc2.0_bio_2.5m_5","wc2.0_bio_2.5m_6","wc2.0_bio_2.5m_16","wc2.0_bio_2.5m_17","current_2.5arcmin_climaticMoistureIndex","current_2.5arcmin_PETDriestQuarter","current_2.5arcmin_PETWettestQuarter","Cropped_Cloud"
"species",1,1,140,8.33833312988281,16.5879993438721,0.928000032901764,1012,314,0.800000011920929,75.379997253418,11.3199996948242,206.904495239258
"species",2,2,334,7.68050003051758,16.7439994812012,-2.02799987792969,1049,325,0.779999971389771,80.4100036621094,10.6700000762939,204.295318603516
"species",3,3,137,8.24348926544189,17.0812492370605,-1.01874995231628,920,237,0.720000028610229,89.0500030517578,17.0200004577637,199.389358520508
"species",4,4,344,7.67516660690308,16.42799949646,-0.15200001001358,1201,323,0.779999971389771,84.4100036621094,11.25,198.89990234375
"species",5,5,394,7.2909722328186,16.4874992370605,-1.17916667461395,1254,298,0.75,87.9300003051758,11,199.284408569336
"species",6,6,790,5.86399984359741,15.6079998016357,-4.18400001525879,1127,303,0.75,82.9700012207031,10.210000038147,199.756271362305
"species",7,7,478,6.69649982452393,16.3560009002686,-3.51200008392334,1053,268,0.699999988079071,88.5299987792969,10.2600002288818,193.219253540039
"species",8,8,728,5.58949995040894,15.3760004043579,-4.41599988937378,978,258,0.699999988079071,91.0400009155273,10.1899995803833,190.731842041016
"species",9,9,738,5.81366682052612,15.9440002441406,-4.56799983978271,870,232,0.670000016689301,96.0999984741211,10.3800001144409,188.01904296875
"species",10,10,26,9.17870330810547,18.0555553436279,0.533333301544189,1474,286,0.75,89.5500030517578,11.710000038147,193.585556030273
"species",11,11,593,6.5198335647583,16.5359992980957,-3.33599996566772,1326,308,0.75,85.3300018310547,11.039999961853,196.218399047852
"species",12,12,316,7.74149990081787,17.8920001983643,-4.08799982070923,1383,291,0.730000019073486,92.1500015258789,11.3000001907349,190.682952880859
"species",13,13,1133,4.40183353424072,14.6960000991821,-6.49600028991699,973,241,0.730000019073486,89.4300003051758,10.6700000762939,198.597213745117
"species",14,14,509,7.16016674041748,18.1159992218018,-5.85199975967407,860,185,0.670000016689301,103.860000610352,11.5,179.971984863281
"species",15,15,152,8.77883338928223,19.07200050354,-3.14000010490417,753,159,0.569999992847443,116.76000213623,12.2399997711182,172.82536315918
"species",16,16,151,8.80416679382324,17.988000869751,-0.232000008225441,1559,339,0.790000021457672,85.129997253418,12.4799995422363,178.943862915039
"species",17,17,499,7.24716663360596,17.1159992218018,-2.01200008392334,1369,295,0.779999971389771,87.3300018310547,12.2299995422363,181.794235229492
"species",18,18,272,7.83035707473755,18.2809524536133,-2.30476188659668,1286,245,0.759999990463257,95.0999984741211,12.710000038147,186.929244995117
"species",19,19,1026,4.47016668319702,15.2399997711182,-6.31199979782104,980,204,0.730000019073486,94.6100006103516,11.7399997711182,196.139068603516
"species",20,20,1126,4.00183343887329,14.9440002441406,-6.75999975204468,853,188,0.689999997615814,98.629997253418,11.5699996948242,191.257522583008
"species",21,21,41,9.50500011444092,20.3839988708496,-2.64400005340576,670,124,0.469999998807907,121.169998168945,13.4499998092651,172.946624755859
"species",22,22,298,8.06850051879883,17.6359996795654,-0.888000011444092,1336,273,0.800000011920929,90.4599990844727,13.9300003051758,179.507461547852
"species",23,23,596,6.65966653823853,17.0240001678467,-3.08800005912781,1240,228,0.769999980926514,96.370002746582,13.4399995803833,193.787170410156
"species",24,24,538,7.14583301544189,18.3400001525879,-4.41599988937378,1120,186,0.720000028610229,105.050003051758,13.3599996566772,189.357574462891
"species",25,25,377,7.93866682052612,19.2639999389648,-4.37599992752075,1010,153,0.639999985694885,115.419998168945,13.2200002670288,185.21940612793
"species",26,26,459,7.74933338165283,18.7560005187988,-3.71199989318848,806,136,0.579999983310699,117.580001831055,12.7700004577637,173.307159423828
"species",27,27,54,9.77321434020996,20.5047626495361,-1.53333330154419,539,98,0.449999988079071,118.830001831055,13.1199998855591,168.503448486328
"species",28,28,48,9.5284309387207,18.5882358551025,0.341176480054855,1259,210,0.720000028610229,108.599998474121,13.6899995803833,180.951370239258
"species",29,29,556,7.08466672897339,18.1520004272461,-4.24399995803833,1128,190,0.680000007152557,110.26000213623,12.8999996185303,184.497253417969
"species",30,30,852,6.04166650772095,17.1840000152588,-5.44000005722046,1004,175,0.660000026226044,109.120002746582,12.3500003814697,188.625732421875
"species",31,31,505,7.46216678619385,18.5879993438721,-3.94000005722046,829,133,0.540000021457672,117.889999389648,13.0299997329712,179.731582641602
"species",32,32,224,8.64750003814697,17.7840003967285,-0.247999995946884,1337,227,0.720000028610229,99.4000015258789,13.7700004577637,178.473114013672
"species",33,33,330,8.09816646575928,18.2959995269775,-2.29999995231628,1339,203,0.670000016689301,113.610000610352,13.7700004577637,181.749359130859
"species",34,34,649,6.90616655349731,18.0319995880127,-4.76800012588501,1019,164,0.629999995231628,113.400001525879,13.1199998855591,180.762802124023
"species",35,35,387,8.36733341217041,19.1359996795654,-2.77600002288818,665,106,0.430000007152557,112.75,13.8599996566772,164.043701171875
"species",36,36,311,9.62716674804688,20.9039993286133,-2.57599997520447,863,122,0.519999980926514,135.350006103516,19.4200000762939,165.546890258789
"species",37,37,4.00000095367432,11.4016666412354,23.0799999237061,-1.89199995994568,519,87,0.0500000007450581,148.880004882812,20.2800006866455,162.634918212891
"species",38,38,302,9.47533321380615,17.5599994659424,1.58799993991852,1223,187,0.709999978542328,111.900001525879,21.4899997711182,165.561706542969
"species",39,39,466,8.85816669464111,18.7240009307861,-1.83999991416931,1147,147,0.660000026226044,129.190002441406,20.3700008392334,163.086868286133
"species",40,40,72,11.0511665344238,22.9599990844727,-1.81199991703033,596,65,0.219999998807907,154.619995117188,21.3500003814697,161.384002685547
"species",41,41,75,11.4086666107178,23.4120006561279,-2.23200011253357,505,76,0.0199999995529652,153.089996337891,21.2800006866455,159.890045166016
"species",42,42,107,11.1451663970947,23.068000793457,-2.40000009536743,614,111,0.280000001192093,150.059997558594,20.4300003051758,161.49006652832
"species",43,43,480,9.64066696166992,21.3279991149902,-3.74799990653992,937,163,0.589999973773956,138.820007324219,17.9899997711182,161.769485473633
"species",44,44,1359,4.84899997711182,16.1199989318848,-7.02400016784668,1024,169,0.689999997615814,114.730003356934,14.4099998474121,162.781784057617
"species",45,45,81,10.4479999542236,19.1280002593994,1.46399998664856,1125,171,0.660000026226044,118.629997253418,21.4300003051758,165.636688232422
"species",46,46,220,10.1213331222534,20.9120006561279,-1.73199999332428,995,108,0.540000021457672,146.279998779297,21.75,155.706390380859
"species",47,47,65,11.3356666564941,23.6319999694824,-2.05599999427795,579,61,0.119999997317791,162.399993896484,21.8400001525879,153.261703491211
"species",48,48,427,9.97150039672852,21.1319999694824,-2.55999994277954,866,143,0.540000021457672,139.830001831055,19.9099998474121,158.309616088867
"species",49,49,1177,6.63700008392334,17.1879997253418,-4.88800001144409,1129,168,0.699999988079071,121.379997253418,15.7399997711182,157.924758911133
"species",50,50,39,10.9563331604004,20.5160007476807,0.688000023365021,927,124,0.589999973773956,114.220001220703,22.7299995422363,152.260513305664
"species",51,51,243,10.0528335571289,20.2959995269775,-1.28400003910065,1102,117,0.469999998807907,147.309997558594,21.9400005340576,150.740203857422
"species",52,52,112,11.3676662445068,23.5160007476807,-2.07999992370605,613,75,0.140000000596046,156.850006103516,21.6200008392334,147
"species",53,53,98,11.3968334197998,23.8680000305176,-2.46000003814697,523,85,0.140000000596046,142.589996337891,22.1800003051758,150.563232421875
"species",54,54,838,8.70533275604248,18.8279991149902,-1.85599994659424,1053,157,0.639999985694885,133.839996337891,18.3099994659424,149.708282470703
"species",55,55,802,8.37349987030029,20.3239994049072,-5.37199974060059,959,124,0.589999973773956,143.309997558594,17.6000003814697,144.530548095703
"species",56,56,230,10.0784997940063,18.8999996185303,0.420000016689301,1090,125,0.610000014305115,125.139999389648,23.3099994659424,151.063842773438
"species",57,57,694,9.07466697692871,17.8199996948242,0.104000002145767,1215,142,0.610000014305115,132,20.6700000762939,148.470397949219
"species",58,58,91,11.7336664199829,24.1240005493164,-2.51200008392334,621,76,0.109999999403954,156.940002441406,22.0799999237061,148.325622558594
"species",59,59,438,10.3678331375122,21.6119995117188,-1.87600004673004,797,122,0.419999986886978,148.979995727539,21.1700000762939,146.76025390625
"species",60,60,840,9.09916687011719,19.6319999694824,-2.11199998855591,957,142,0.569999992847443,144.360000610352,18.8600006103516,143.325622558594
"species",61,61,1246,7.22733306884766,17.8719997406006,-4.43599987030029,890,131,0.560000002384186,139.550003051758,16.8299999237061,143.297119140625
"species",62,62,266,10.4523334503174,18.9839992523193,1.34799993038177,981,114,0.550000011920929,129.149993896484,23.6200008392334,145.726364135742
"species",63,63,259,10.5815000534058,21.3880004882812,-1.48800003528595,850,93,0.370000004768372,148.979995727539,22.8999996185303,142.826400756836
"species",64,64,250,11.1523332595825,23.2719993591309,-2.24799990653992,705,86,0.219999998807907,155.139999389648,22.7900009155273,141.082565307617
"species",65,65,205,11.5459995269775,24.503999710083,-2.7039999961853,556,94,0.180000007152557,153.490005493164,23.0599994659424,137.204010009766
"species",66,66,717,9.44383335113525,20.1919994354248,-1.89600002765656,769,120,0.409999996423721,155.339996337891,20.6100006103516,133.413223266602
"species",67,67,1172,7.32566690444946,18.7000007629395,-4.96400022506714,687,105,0.370000004768372,150.910003662109,18.5699996948242,133.897338867188
"species",68,68,421,10.0431671142578,18.492000579834,0.76800000667572,909,100,0.5,130.919998168945,24.0200004577637,140.007934570312
"species",69,69,123,12.0296669006348,24.1679992675781,-1.41600000858307,641,69,0.200000002980232,162.910003662109,24.3999996185303,137.621047973633
"species",70,70,448,11.2546663284302,23.3999996185303,-2.46399998664856,746,89,0.28999999165535,155.929992675781,23.0799999237061,135.607376098633
"species",71,71,585,10.3003330230713,20.9640007019043,-1.80799996852875,751,101,0.319999992847443,157.179992675781,22.0300006866455,130.226623535156
"species",72,72,778,9.37883281707764,21.3039989471436,-4.0479998588562,658,95,0.25,162.990005493164,21.0499992370605,127.149131774902
"species",73,73,1890,3.57683324813843,14.3520002365112,-7.12400007247925,785,113,0.509999990463257,129.429992675781,16.4699993133545,133.212448120117
"species",74,74,127,11.1763334274292,19.8519992828369,2.66400003433228,797,81,0.490000009536743,112.019996643066,27.6100006103516,141.61360168457
"species",75,75,421,10.7338333129883,19.3959999084473,1.34800004959106,801,78,0.400000005960464,138.759994506836,25.7000007629395,130.860290527344
"species",76,76,337,11.6733331680298,24.0279998779297,-1.84800004959106,598,62,0.140000000596046,161.119995117188,25.7399997711182,130.419799804688
"species",77,77,241,12.3229999542236,26.2399997711182,-2.79200005531311,495,63,-0.119999997317791,173.330001831055,26,130.008605957031
"species",78,78,1080,8.60750007629395,18.2560005187988,-1.84800004959106,789,96,0.340000003576279,152.059997558594,20.6900005340576,121.129432678223
"species",79,79,1366,7.30649995803833,18.4200000762939,-4.56400012969971,714,90,0.330000013113022,149.889999389648,19.5200004577637,115.543869018555
"species",80,80,1602,4.89783334732056,18.4839992523193,-8.7480001449585,606,82,0.259999990463257,147.710006713867,18.7299995422363,129.068176269531
"species",81,81,523,10.5501670837402,19.435998916626,2.06800007820129,991,91,0.540000021457672,120.589996337891,26.3299999237061,131.924331665039
"species",82,82,895,9.1584997177124,18.0919990539551,-0.351999998092651,963,88,0.439999997615814,134.169998168945,23.5699996948242,125.439254760742
"species",83,83,586,10.9808330535889,23.0240001678467,-2.0239999294281,660,61,0.109999999403954,160.789993286133,24.7800006866455,121.777168273926
"species",84,84,723,10.5389995574951,22.2999992370605,-1.87999999523163,599,67,-0.0299999993294477,164.529998779297,23.6399993896484,118.274772644043
"species",85,85,670,10.7135000228882,23.3719997406006,-3.37599992752075,514,68,-0.0900000035762787,172.529998779297,24.0599994659424,112.147262573242
"species",86,86,930,8.98366641998291,23.6319999694824,-6.91200017929077,526,70,-0.00999999977648258,171.190002441406,23.4400005340576,116.380752563477
"species",87,87,193,12.1526670455933,22.4039993286133,2.35199999809265,958,77,0.540000021457672,123.470001220703,28.7700004577637,123.70637512207
"species",88,88,671,11.3824996948242,23.1439990997314,-1.49199998378754,905,66,0.379999995231628,147.229995727539,25.4099998474121,105.453590393066
"species",89,89,755,11.0780000686646,23.2080001831055,-2.09200000762939,708,57,0.0500000007450581,165.119995117188,24.3600006103516,107.104446411133
"species",90,90,803,10.8621664047241,23.2119998931885,-2.29200005531311,536,55,-0.239999994635582,170.729995727539,24.2600002288818,104.036544799805
"species",91,91,403,12.4375,28.0440006256104,-4.91599988937378,264,42,-0.519999980926514,185.740005493164,25.9200000762939,101
"species",92,92,1019,9.53299999237061,23.576000213623,-5.43200016021729,398,59,-0.230000004172325,156.949996948242,23.8600006103516,105.529769897461
"species",93,93,207,11.2744998931885,18.5520000457764,4.35599994659424,1001,81,0.579999983310699,114.230003356934,28.9300003051758,122.203880310059
"species",94,94,879,11.095832824707,23.42799949646,-1.7039999961853,959,68,0.400000005960464,144.869995117188,25.1200008392334,105.580307006836
"species",95,95,526,12,26.6399993896484,-4.27199983596802,721,42,0.0900000035762787,184.350006103516,26.0699996948242,102.157890319824
"species",96,96,1058,9.20049953460693,20.6679992675781,-1.07200002670288,557,55,-0.209999993443489,167.970001220703,24.3299999237061,96.8461074829102
"species",97,97,1280,8.48316669464111,21.3680000305176,-4.2519998550415,459,61,-0.259999990463257,161.720001220703,22.8700008392334,99.3350982666016
"species",98,98,1403,8.40816688537598,21.988000869751,-5.44000005722046,386,57,-0.270000010728836,145,21.7800006866455,109.368316650391
"species",99,99,604,11.2848329544067,22.3120002746582,0.224000006914139,970,60,0.439999997615814,147.990005493164,27.5400009155273,106.160575866699
"species",100,100,1119,9.23133373260498,22.6480007171631,-5.02399969100952,742,59,0.159999996423721,158.639999389648,25.1200008392334,102.60474395752
"species",101,101,1056,9.54183292388916,23.1399993896484,-5.03999996185303,521,49,-0.219999998807907,173.929992675781,25.7700004577637,91.475471496582
"species",102,102,194,11.9136667251587,22.3040008544922,0.991999983787537,857,54,0.430000007152557,134.970001220703,30.5799999237061,116.115180969238
"species",103,103,1054,9.84833335876465,21.9400005340576,-1.71599996089935,704,52,0.140000000596046,163.130004882812,27.1399993896484,88.231559753418
"species",104,104,1793,5.83933353424072,18.2639999389648,-4.90000009536743,707,73,0.230000004172325,138.429992675781,22.6800003051758,97.9165191650391
"species",105,105,534,10.958833694458,20.8320007324219,1.21200001239777,781,47,0.349999994039536,141.669998168945,29.5699996948242,110.152084350586
"species",106,106,911,10.3161668777466,22.7959995269775,-1.96000003814697,691,48,0.140000000596046,168.589996337891,28.5499992370605,85.1392974853516
"species",107,107,1622,7.71166658401489,20.5240001678467,-5.05599975585938,676,63,0.180000007152557,148.740005493164,24.7800006866455,84.6773681640625
"species",108,108,607,11.1236667633057,21.7639999389648,1.25999999046326,809,40,0.379999995231628,144.149993896484,29.9099998474121,105.116806030273
"species",109,109,915,10.4861669540405,24.0120010375977,-3.51999998092651,722,40,0.180000007152557,170.710006713867,29.2900009155273,79.998046875
"species",110,110,1212,9.53416633605957,22.6959991455078,-3.85199999809265,632,45,0.0299999993294477,171.360000610352,28.3600006103516,78.3845977783203
"species",111,111,81,11.9581670761108,20.7560005187988,3.77999997138977,969,30,0.560000002384186,102.440002441406,32.1599998474121,127.016273498535
"species",112,112,347,11.7484998703003,22.4479999542236,1.72000002861023,867,30,0.389999985694885,147.470001220703,31.0499992370605,89.7458343505859
"species",113,113,1443,8.50716686248779,20.0120010375977,-3.31200003623962,883,50,0.370000004768372,147.160003662109,27.8199996948242,79.6571350097656
"species",114,114,443,11.256667137146,21.4200000762939,2.05999994277954,994,32,0.439999997615814,149.649993896484,31.2099990844727,77.3753280639648
"species",115,115,641,11.8291664123535,24.6439990997314,-2.10800004005432,820,28,0.209999993443489,178.720001220703,32.8400001525879,68.2963256835938
"species",116,116,517,11.8843336105347,23.4559993743896,-0.727999985218048,773,24,0.180000007152557,167.949996948242,35.4000015258789,64.6397247314453
"species",117,117,1217,9.94366645812988,24.1200008392334,-4.26399993896484,714,32,0.0399999991059303,173.899993896484,32.9700012207031,71.5365600585938
"species",118,118,282,16.0820007324219,32.484001159668,-0.164000004529953,293,14,-0.620000004768372,203.520004272461,41.9900016784668,65.0824432373047
"species",119,119,45,16.0669994354248,31.3719997406006,-1.04799997806549,275,13,-0.639999985694885,201.119995117188,40.5699996948242,62.685245513916
"species",120,120,212,12.1588335037231,22.6319999694824,0.332000017166138,597,19,0.0500000007450581,146.770004272461,37.7900009155273,70.0602416992188
"species",121,121,284,14.1499996185303,28.1840000152588,-1.31200003623962,563,13,-0.159999996423721,187.839996337891,42.5999984741211,58.5973091125488
"species",122,122,1052,11.3638334274292,25.6440010070801,-2.30399990081787,679,23,-0.0299999993294477,177.059997558594,35.1800003051758,57.2239990234375
"species",123,123,485,14.4266662597656,30.8719997406006,-1.69599997997284,350,11,-0.540000021457672,202.320007324219,42.3800010681152,57.4902687072754
"species",124,124,471,11.4729995727539,20.496000289917,3.25999999046326,688,20,0.219999998807907,134.339996337891,37.060001373291,68.4292221069336
"species",125,125,412,13.2519998550415,26.3199996948242,-0.73199999332428,595,14,-0.0299999993294477,169.080001831055,38.8600006103516,56.7478141784668
"species",126,126,606,13.2239999771118,28.3159999847412,-2.11199998855591,544,14,-0.219999998807907,191.449996948242,38.5099983215332,53
"species",127,127,748,13.3736667633057,28.4079990386963,-1.27999997138977,541,15,-0.280000001192093,190.149993896484,39.1300010681152,51.8218193054199
"species",128,128,292,15.9063329696655,31.1319999694824,0.0839999988675117,335,9,-0.569999992847443,208.580001831055,42.4099998474121,53.6310424804688
"species",129,129,261,12.5367755889893,21.7086963653564,3.73043489456177,581,16,0.119999997317791,135.220001220703,38.4799995422363,56.2061462402344
"species",130,130,34,14.6068334579468,27.4400005340576,-0.240000009536743,542,10,-0.200000002980232,174.559997558594,44.8199996948242,51.8528633117676
"species",131,131,114,14.9716663360596,28.0160007476807,0.0560000017285347,434,7,-0.349999994039536,192.270004272461,45.2099990844727,52.7338676452637
"species",132,132,200,15.4678335189819,29,0.695999979972839,388,7,-0.5,201.289993286133,43.060001373291,52.9095153808594
"species",133,133,718,13.9803333282471,30.0879993438721,-2.92400002479553,520,21,-0.230000004172325,195.630004882812,40.9099998474121,55.7195091247559
"species",134,134,1697,8.79450035095215,23.8439998626709,-5.98400020599365,623,37,0.180000007152557,158.179992675781,31.9099998474121,71.7326965332031
"species",135,135,131,13.4829864501953,23.6124992370605,1.68333339691162,570,13,-0.0700000002980232,143.210006713867,40.1599998474121,91.049934387207
"species",136,136,23,15.0614995956421,27.6200008392334,0.148000001907349,453,8,-0.379999995231628,161.190002441406,42.189998626709,56.1166763305664
"species",137,137,175,15.2056665420532,27.8120002746582,0.0520000010728836,384,7,-0.46000000834465,166.710006713867,41.4199981689453,54.8195266723633
"species",138,138,522,14.8468332290649,31.1800003051758,-2.60400009155273,443,15,-0.419999986886978,202.679992675781,41.75,54.8172187805176
"species",139,139,236,14.1911668777466,24.7479991912842,0.944000005722046,347,8,-0.419999986886978,145.220001220703,41.7999992370605,54.7089920043945
"species",140,140,403,15.3091669082642,28.6959991455078,0.572000026702881,321,9,-0.629999995231628,184.529998779297,41.9900016784668,60.7025108337402
"species",141,141,1,15.7651662826538,29.6160011291504,-1.04799997806549,143,6,-0.790000021457672,199.809997558594,60.4599990844727,56.5813598632812
"species",142,142,497,15.1944999694824,31.2999992370605,-1.52799999713898,362,12,-0.479999989271164,205.460006713867,43.4099998474121,53.2101287841797
"species",143,143,12,14.9811668395996,25.4400005340576,3.1800000667572,228,6,-0.620000004768372,140.669998168945,45.060001373291,56.6686706542969
"species",144,144,587,14.610333442688,28.0799999237061,1.09200000762939,388,10,-0.5,179.820007324219,43.5400009155273,54.0058250427246
"species",145,145,621,15.1494998931885,30.5200004577637,-0.467999994754791,352,10,-0.620000004768372,195.880004882812,42.9700012207031,51.0917701721191
"species",146,146,21,16.1848335266113,31.4599990844727,-2.03999996185303,141,5,-0.810000002384186,206.589996337891,44.2299995422363,56.8975257873535
"species",147,147,491,15.2681665420532,32.1040000915527,-2.38000011444092,338,9,-0.529999971389771,207.070007324219,43.9900016784668,56.6559791564941
"species",148,148,1679,9.78683376312256,24.7320003509521,-2.54399991035461,507,25,-0.0599999986588955,160.149993896484,45.5499992370605,67.4015502929688
"species",149,149,1761,9.80366706848145,25.9799995422363,-5.59600019454956,396,26,-0.280000001192093,160,45.9900016784668,77.6478805541992
"species",150,150,508,13.4495000839233,23.7759990692139,3.98799991607666,512,12,-0.109999999403954,142.279998779297,45.1100006103516,52.9927520751953
"species",151,151,569,13.8846664428711,25.5799999237061,2.18400001525879,416,11,-0.370000004768372,170.229995727539,46.1399993896484,51.061840057373
"species",152,152,536,14.4906663894653,28.568000793457,0.412000000476837,303,8,-0.620000004768372,192.740005493164,46.4700012207031,46.1345863342285
"species",153,153,104,16.4704990386963,30.2679996490479,0.579999983310699,140,3,-0.810000002384186,193.720001220703,43.8400001525879,58.5411491394043
"species",154,154,110,16.7296657562256,33.552001953125,-2.25600004196167,158,3,-0.790000021457672,215.559997558594,62.8699989318848,63.8199653625488
"species",155,155,336,16.7688331604004,32.7799987792969,-0.635999977588654,271,7,-0.649999976158142,209.789993286133,60.9799995422363,60.4801330566406
"species",156,156,5,13.7674999237061,23.7159996032715,3.25600004196167,292,9,-0.629999995231628,123.440002441406,48.5200004577637,84.7829971313477
"species",157,157,497,13.7255001068115,26.8920001983643,0.663999974727631,278,8,-0.629999995231628,185.240005493164,62.7900009155273,50.6352348327637
"species",158,158,757,14.0441665649414,31.07200050354,-3.55999994277954,294,8,-0.649999976158142,203.320007324219,61.0400009155273,51.8606185913086
"species",159,159,815,11.9715003967285,22.5200004577637,2.85199999809265,522,13,-0.270000010728836,145.309997558594,47.310001373291,57.5034103393555
"species",160,160,726,13.0629997253418,26.6760005950928,1.29200005531311,363,9,-0.519999980926514,175.720001220703,61.9000015258789,44.4445343017578
"species",161,161,438,15.1078329086304,31.0520000457764,-2.32400012016296,202,5,-0.75,206.639999389648,69.3000030517578,45.440860748291
"species",162,162,1234,11.3321666717529,27.068000793457,-3.13199996948242,437,11,-0.400000005960464,187.559997558594,54.9199981689453,51.8151817321777
"species",163,163,155,17.2316665649414,33.2560005187988,-0.772000014781952,98,3,-0.879999995231628,215.619995117188,68.0100021362305,66.0556030273438
"species",164,164,697,12.3606662750244,24.3120002746582,1.68799996376038,401,9,-0.519999980926514,161.639999389648,62.1500015258789,40.8182754516602
"species",165,165,518,14.011833190918,28.2560005187988,-1.28400003910065,281,5,-0.699999988079071,188.190002441406,67.5500030517578,40.3089370727539
"species",166,166,627,14.1231670379639,29.7320003509521,-2.91199994087219,256,5,-0.689999997615814,210.110000610352,66.879997253418,45.2624626159668
"species",167,167,394,16.1043338775635,33.2159996032715,-1.39999997615814,155,3,-0.810000002384186,222.25,68.3600006103516,52.648250579834
"species",168,168,470,13.378999710083,23.8400001525879,3.55200004577637,354,7,-0.689999997615814,160.419998168945,53.4000015258789,35.0230102539062
"species",169,169,242,15.1618328094482,30.5559997558594,-0.952000021934509,237,3,-0.759999990463257,201.009994506836,71.2600021362305,40.5910835266113
"species",170,170,489,15.3886661529541,31.8999996185303,-2.40000009536743,226,5,-0.720000028610229,213.729995727539,68.370002746582,51.3203659057617
"species",171,171,73,15.0790004730225,25.6319999694824,4.50799989700317,364,5,-0.550000011920929,143.050003051758,67.5999984741211,42.251277923584
"species",172,172,221,15.0203332901001,26.8279991149902,3.35199999809265,270,2,-0.670000016689301,154.059997558594,70.25,43.0734062194824
"species",173,173,408,13.9993333816528,25.1560001373291,4.05999994277954,300,4,-0.529999971389771,132.779998779297,64.5299987792969,43.789119720459
"species",174,174,430,14.5094995498657,26.9200000762939,3.52799987792969,294,3,-0.550000011920929,153.539993286133,66.3600006103516,31.9360580444336
"species",175,175,235,16.7994995117188,29.6200008392334,5.21199989318848,240,3,-0.639999985694885,150.929992675781,72.3099975585938,42.140209197998
"species",176,176,230,17.8981666564941,31.6520004272461,5.70800018310547,220,4,-0.689999997615814,161.820007324219,74.8399963378906,45.2773742675781
"species",177,177,371,17.5866661071777,31.1720008850098,4.82399988174438,288,7,-0.629999995231628,177.970001220703,74.9000015258789,42.1378135681152
"species",178,178,20,18.3078327178955,29.7439994812012,7.4520001411438,218,6,-0.730000019073486,143.649993896484,73.879997253418,66.0842132568359
"species",179,179,114,18.1205005645752,30.4120006561279,6.81599998474121,232,6,-0.75,165.660003662109,78.4599990844727,58.9567527770996
"species",180,180,407,17.5935001373291,32.7360000610352,3.64400005340576,217,8,-0.769999980926514,189.550003051758,76.8000030517578,46.2391815185547
"species",181,181,438,17.8484992980957,35.4440002441406,0.547999978065491,185,11,-0.810000002384186,200.880004882812,78.1500015258789,43.9704895019531
"species",182,182,472,16.6105003356934,30.2679996490479,4.89599990844727,223,8,-0.680000007152557,162.520004272461,71.6399993896484,43.052001953125
"species",183,183,341,17.6175003051758,33.7159996032715,2.91199994087219,180,9,-0.779999971389771,183.270004272461,77.7699966430664,38.5808906555176
"species",184,184,210,17.6790008544922,31.1079998016357,5.50799989700317,206,7,-0.730000019073486,158.130004882812,75.0100021362305,50.8122901916504
"species",185,185,825,15.752833366394,32.6399993896484,0.120000004768372,241,19,-0.620000004768372,176.029998779297,68.9800033569336,41.329662322998
"species",186,186,85,18.1016654968262,29.3840007781982,7.69600009918213,176,6,-0.759999990463257,132.210006713867,72.5100021362305,58.6062660217285
"species",187,187,694,16.4463329315186,31.0240001678467,3.2039999961853,240,16,-0.680000007152557,188.449996948242,73.9000015258789,38.5978088378906
"species",188,188,290,17.9048328399658,32.2999992370605,4.65199995040894,155,8,-0.829999983310699,178.889999389648,78.2399978637695,36.7598991394043
"species",189,189,954,15.632999420166,31.6679992675781,0.0240000002086163,164,23,-0.740000009536743,179.130004882812,70.8499984741211,37.8617172241211
"species",190,190,352,16.9943332672119,29.988000869751,5.73600006103516,170,5,-0.759999990463257,156.009994506836,75.379997253418,45.065128326416
"species",191,191,793,16.2211666107178,31.1200008392334,2.07200002670288,165,17,-0.759999990463257,170.330001831055,73.379997253418,31.3262825012207
"species",192,192,600,16.3365001678467,29.8640003204346,3.90799999237061,160,10,-0.779999971389771,158.910003662109,76.5999984741211,30.2181129455566
"species",193,193,271,16.1529998779297,27.7320003509521,6.08799982070923,158,7,-0.800000011920929,155.809997558594,83.5,31.2527236938477
"species",194,194,1357,19.9974994659424,30.3360004425049,8.67199993133545,445,55,-0.0799999982118607,119.379997253418,150.279998779297,135.084274291992
"species",195,195,221,24.0954990386963,34.1240005493164,12.2799997329712,797,147,0.0900000035762787,105.089996337891,168.559997558594,153.523406982422
"species",196,196,100,24.267333984375,34.2999992370605,12.5,656,128,-0.209999993443489,117.639999389648,162.580001831055,160.022613525391
"species",197,197,538,21.958833694458,30.9839992523193,11.7480001449585,960,189,-0.0399999991059303,119.220001220703,162.059997558594,166.647842407227
"species",198,198,374,22.2106666564941,31.1319999694824,12.076000213623,871,182,-0.0399999991059303,111.25,156.990005493164,169.635147094727
"species",199,199,25,25.2796669006348,33.6599998474121,15.9879999160767,541,142,-0.25,124.26000213623,143.179992675781,170.860794067383
"species",200,200,604,20.9723339080811,28.6599998474121,12.1319999694824,1184,184,0.280000001192093,113.639999389648,151.789993286133,165.39421081543
"species",201,201,155,23.329833984375,32.6640014648438,12.9359998703003,619,141,-0.00999999977648258,108.540000915527,154.220001220703,192.323883056641
"species",202,202,2680,13.5220003128052,22.4720001220703,3.54399991035461,351,42,-0.360000014305115,85.6999969482422,106.519996643066,101.767127990723
"species",203,203,438,21.7536659240723,29.8959999084473,12.2799997329712,993,183,0.400000005960464,111.220001220703,148.960006713867,174.092559814453
"species",204,204,190,23.3268337249756,32.1199989318848,13.2399997711182,748,205,0.0399999991059303,107.449996948242,144.529998779297,196.605972290039
"species",205,205,26,24.4168338775635,32.7840003967285,14.6000003814697,739,245,-0.109999999403954,127.440002441406,149.460006713867,183.647689819336
"species",206,206,1055,19.2490005493164,26.7880001068115,10.5159997940063,774,222,0.270000010728836,92.9000015258789,127.569999694824,201.302688598633
"species",207,207,1121,19.8461666107178,28.1840000152588,10.7119998931885,698,134,0.180000007152557,100.26000213623,137.839996337891,192.460327148438
"species",208,208,182,24.6991672515869,33.6440010070801,15.0080003738403,633,30,-0.439999997615814,118.809997558594,161.5,176.191009521484
"species",209,209,1169,19.8081665039062,28.9839992523193,9.87600040435791,799,121,0.28999999165535,105.099998474121,139.389999389648,193.275695800781
"species",210,210,259,24.7868328094482,34.023998260498,15.0839996337891,671,54,-0.389999985694885,126.879997253418,164.820007324219,194.436935424805
"species",211,211,172,25.1301670074463,34.2880020141602,15.467999458313,1066,103,-0.159999996423721,127.180000305176,163.399993896484,193.880065917969
"species",212,212,39,25.5556659698486,34.5519981384277,16.2159996032715,893,37,-0.150000005960464,144.330001831055,147.949996948242,196.992263793945
"species",213,213,68,25.6019992828369,34.2119979858398,16.3239994049072,1428,102,0.310000002384186,108.589996337891,152.520004272461,177.606719970703
"species",214,214,42,25.8320007324219,34.7999992370605,16.5799999237061,1002,66,0.0399999991059303,145.399993896484,146.210006713867,201.317855834961
"species",215,215,8,25.8096656799316,34.3479995727539,16.9400005340576,825,71,-0.0199999995529652,140.710006713867,144.839996337891,186.252395629883
"species",216,216,11,25.8778324127197,34.515998840332,16.8039989471436,796,70,-0.0500000007450581,141.789993286133,133.699996948242,195.370407104492
"species",217,217,450,24.492166519165,32.6399993896484,16.0319995880127,877,91,0.28999999165535,130.690002441406,132.580001831055,195.316040039062
"species",218,218,285,24.613166809082,32.2039985656738,16.3040008544922,906,116,0.419999986886978,148.270004272461,134.529998779297,166.750503540039
"species",219,219,53,25.5149993896484,34.015998840332,16.431999206543,1677,178,0.5,138.649993896484,142.929992675781,164.640243530273
"species",220,220,69,26.0463333129883,35.2159996032715,16.4839992523193,1123,101,0.119999997317791,143.509994506836,148.940002441406,195.400573730469
"species",221,221,78,25.9078330993652,35.0359992980957,16.4599990844727,750,67,-0.200000002980232,146.009994506836,148.619995117188,204.724899291992
"species",222,222,35,25.7916660308838,34.6599998474121,16.5200004577637,802,61,-0.150000005960464,146.429992675781,146.979995727539,198.715774536133
"species",223,223,42,25.7811660766602,34.2200012207031,16.7719993591309,960,84,0.140000000596046,141.470001220703,143.889999389648,183.178131103516
"species",224,224,114,25.5661659240723,34.6840019226074,16.0520000457764,1420,154,0.379999995231628,148.259994506836,153.740005493164,162.6943359375
"species",225,225,85,25.5028324127197,34.5879974365234,16.1040000915527,1029,82,0.0799999982118607,147.619995117188,152.690002441406,186.782257080078
"species",226,226,67,25.2215003967285,34.2239990234375,16.0279998779297,1015,98,0.0799999982118607,144.399993896484,148.539993286133,191.509811401367
"species",227,227,21,25.6281661987305,34.1759986877441,16.492000579834,1218,147,0.300000011920929,143.830001831055,146.149993896484,188.530303955078
"species",228,228,173,25.232666015625,33.6879997253418,16.564001083374,1813,125,0.239999994635582,142.860000610352,145.089996337891,185.987380981445
"species",229,229,106,25.3096675872803,33.8199996948242,16.42799949646,1608,216,0.509999990463257,143.389999389648,144.039993286133,183.21174621582
"species",230,230,101,25.27516746521,33.6040000915527,16.3599987030029,1591,317,0.569999992847443,164.339996337891,145.869995117188,186.500762939453
"species",231,231,215,25.0170001983643,33.2999992370605,16.2600002288818,1206,266,0.560000002384186,164.039993286133,136.229995727539,184.467529296875
"species",232,232,284,25.1009998321533,33.5439987182617,16.4080009460449,1138,277,0.379999995231628,147.410003662109,137.539993286133,181.345748901367
"species",233,233,690,23.2110004425049,30.8959999084473,15.0279998779297,1094,330,0.370000004768372,141.800003051758,133.550003051758,177.270004272461
"species",234,234,1122,20.5946674346924,28.5240001678467,12.032000541687,906,234,0.400000005960464,139.309997558594,130.649993896484,188.014129638672
"species",235,235,1038,21.308500289917,28.6639995574951,13.2559995651245,986,251,0.360000014305115,142.669998168945,134.470001220703,165.973281860352
"species",236,236,745,22.6193332672119,30.4519996643066,14.0880002975464,1047,282,0.270000010728836,147.770004272461,141.440002441406,158.958831787109
"species",237,237,491,24.1926670074463,31.6599998474121,16.0359992980957,1036,256,0.28999999165535,151.039993286133,144.649993896484,147.282943725586
"species",238,238,201,26.0036659240723,34.3240013122559,17.1199989318848,1003,219,0.259999990463257,153.380004882812,146.940002441406,141.546508789062
"species",239,239,61,26.5935001373291,35.0439987182617,17.6160011291504,842,138,0.0500000007450581,143.289993286133,135.190002441406,171.304565429688
"species",240,240,73,26.2898330688477,34.515998840332,17.5,720,123,0.00999999977648258,136.389999389648,128.539993286133,167.067886352539
"species",241,241,333,24.345832824707,32.0480003356934,15.8759994506836,646,135,-0.0500000007450581,130.369995117188,134.820007324219,167.808837890625
"species",242,242,208,24.7818336486816,32.5400009155273,16.3199996948242,626,134,-0.129999995231628,133.740005493164,135.759994506836,172.633422851562
"species",243,243,99,25.8081665039062,33.3920021057129,17.3999996185303,638,138,0.0199999995529652,132.479995727539,135.410003662109,175.246170043945
"species",244,244,54,25.7251663208008,32.7840003967285,17.9680004119873,766,165,0.349999994039536,126.580001831055,131.039993286133,168.698806762695
"species",245,245,4,26.5850009918213,31.5699996948242,20.7000007629395,774,169,0.360000014305115,120.949996948242,128.550003051758,177.946762084961
"species",246,246,182,24.9888343811035,32.8959999084473,16.57200050354,1157,153,0.300000011920929,143.910003662109,143.039993286133,172.694686889648
"species",247,247,671,23.2656669616699,30.9879989624023,14.9440002441406,699,123,0.170000001788139,141.440002441406,138.320007324219,186.236099243164
"species",248,248,881,22.4389991760254,30.4120006561279,13.8479995727539,544,117,-0.150000005960464,141.119995117188,139.009994506836,195.333358764648
"species",249,249,614,23.7840003967285,32.0999984741211,14.9280004501343,657,108,-0.28999999165535,150.940002441406,148.679992675781,162.534164428711
"species",250,250,481,24.4313335418701,32.8600006103516,15.8640003204346,669,111,-0.389999985694885,135.199996948242,153.509994506836,169.355667114258
"species",251,251,1503,19.3726673126221,27.3479995727539,11.0920000076294,655,43,0.0399999991059303,123.76000213623,141.779998779297,156.967163085938
"species",252,252,1595,18.3276672363281,26.423999786377,9.53999996185303,739,77,0.209999993443489,119.819999694824,134.169998168945,146.373931884766
"species",253,253,1264,20.0979995727539,27.5279998779297,12.0199995040894,841,153,0.230000004172325,126.110000610352,145.229995727539,154.949783325195
"species",254,254,1081,20.8326663970947,28.2600002288818,12.7840003967285,882,192,0.230000004172325,147.699996948242,148.350006103516,177.54133605957
"species",255,255,1037,21.2196674346924,28.9839992523193,12.9519996643066,916,188,0.370000004768372,145.270004272461,145.119995117188,165.596313476562
"species",256,256,488,24.1025009155273,31.5559997558594,16.0599994659424,1093,191,0.310000002384186,148.75,150.160003662109,130.126235961914
"species",257,257,174,25.8309993743896,34.0400009155273,17.0880012512207,1260,192,0.189999997615814,146.460006713867,137.779998779297,172.850677490234
"species",258,258,172,26.1338329315186,34.5279998779297,17.3279991149902,1001,174,0.140000000596046,138.130004882812,131.360000610352,192.517776489258
"species",259,259,183,25.8430004119873,34.1360015869141,17.1400012969971,813,159,0.119999997317791,128.649993896484,125.550003051758,178.371780395508
"species",260,260,159,25.6998329162598,33.7639999389648,17.1520004272461,719,146,0.0299999993294477,124.209999084473,122.290000915527,179.387847900391
"species",261,261,158,25.5638332366943,33.3959999084473,17.003999710083,824,157,-0.0299999993294477,128.199996948242,132.399993896484,189
"species",262,262,457,23.0873336791992,30.076000213623,15.4200000762939,817,177,0.100000001490116,124.599998474121,107,187.702087402344
"species",263,263,725,22.833833694458,29.7000007629395,15.3240003585815,723,188,0.439999997615814,119.76000213623,102.809997558594,184
"species",264,264,22,26.1219997406006,32.3160018920898,19.0520000457764,873,192,0.389999985694885,119.559997558594,120,182
"species",265,265,983,22.5971660614014,30.1240005493164,14.6040000915527,357,38,-0.28999999165535,112.620002746582,143.740005493164,166.939392089844
"species",266,266,1037,22.6070003509521,31.1679992675781,14.0880002975464,549,19,-0.379999995231628,120.690002441406,155.740005493164,166
"species",267,267,741,22.9641666412354,30.7800006866455,14.503999710083,886,140,0.430000007152557,154.589996337891,151.729995727539,161.429763793945
"species",268,268,721,23.3838329315186,31.0839996337891,15.0679998397827,877,162,0.46000000834465,148.75,146.259994506836,172.281311035156
"species",269,269,233,25.3848323822021,32.8959999084473,17.3120002746582,1273,217,0.259999990463257,147.190002441406,145.779998779297,150.5732421875
"species",270,270,122,26.2596664428711,34.068000793457,17.8839988708496,1206,229,0.150000005960464,138.360000610352,130.820007324219,188.367630004883
"species",271,271,121,26.2430000305176,33.984001159668,17.8839988708496,1116,221,0.180000007152557,130.300003051758,125.930000305176,193.709869384766
"species",272,272,210,25.6093330383301,33.2840003967285,17.3559989929199,1128,218,0.200000002980232,122.98999786377,120.040000915527,197.56037902832
"species",273,273,410,23.7706661224365,30.8999996185303,16.1879997253418,1266,224,0.239999994635582,120.75,120.040000915527,200
"species",274,274,700,23.1073341369629,29.7600002288818,15.8079996109009,1116,217,0.419999986886978,120.059997558594,117.559997558594,188.994049072266
"species",275,275,57,25.3911666870117,31.8400001525879,18.1879997253418,1045,186,0.419999986886978,120.480003356934,126.160003662109,196.70783996582
"species",276,276,1380,20.9531669616699,27.3999996185303,13.8880004882812,902,35,-0.119999997317791,131.199996948242,147.830001831055,154.588317871094
"species",277,277,1103,22.3563327789307,29.0599994659424,15.2200002670288,616,6,-0.180000007152557,120.470001220703,143,166.318939208984
"species",278,278,848,23.3369998931885,30.484001159668,15.8439998626709,630,19,-0.400000005960464,130.389999389648,156.850006103516,156.343353271484
"species",279,279,702,23.4611663818359,31,15.3800001144409,939,136,0.400000005960464,158.940002441406,152.520004272461,167.858032226562
"species",280,280,402,24.808500289917,31.6399993896484,17.42799949646,1074,183,0.469999998807907,156.809997558594,152.220001220703,157.953201293945
"species",281,281,181,25.8371658325195,32.939998626709,18.2320003509521,1293,256,0.389999985694885,151.229995727539,148.179992675781,158.364273071289
"species",282,282,140,26.4543342590332,33.9879989624023,18.435998916626,1393,305,0.340000003576279,142.139999389648,132.869995117188,180.6181640625
"species",283,283,159,26.1301670074463,33.5279998779297,18.2320003509521,1448,314,0.340000003576279,133.520004272461,126.599998474121,182.790649414062
"species",284,284,228,25.6014995574951,32.9000015258789,17.8120002746582,1527,299,0.370000004768372,125.379997253418,131.020004272461,195.941284179688
"species",285,285,383,24.2606658935547,31.2119998931885,16.8279991149902,1631,276,0.430000007152557,120.620002746582,123.389999389648,195.910949707031
"species",286,286,27,25.6191673278809,32.2239990234375,18.3400001525879,1730,252,0.569999992847443,117.690002441406,123.819999694824,187.39924621582
"species",287,287,355,24.9086666107178,31.8880004882812,17.568000793457,641,16,-0.400000005960464,144.5,166.339996337891,187.083435058594
"species",288,288,853,23.6436672210693,30.7040004730225,16.1240005493164,1034,3,0.0299999993294477,131.520004272461,151.690002441406,160.854187011719
"species",289,289,679,24.6376667022705,32.6119995117188,16.8159999847412,802,32,-0.379999995231628,148.830001831055,146.300003051758,128.19123840332
"species",290,290,460,24.6511669158936,31.8920001983643,16.8039989471436,1298,246,0.550000011920929,158.800003051758,152.509994506836,187.456314086914
"species",291,291,199,25.9386672973633,32.7000007629395,18.6520004272461,1421,307,0.490000009536743,155.309997558594,150.539993286133,176.596099853516
"species",292,292,490,24.4764995574951,31.076000213623,17.2959995269775,1626,467,0.610000014305115,142.429992675781,131.369995117188,181.567596435547
"species",293,293,242,25.7963333129883,32.6800003051758,18.4160003662109,1633,379,0.449999988079071,137.910003662109,135.139999389648,177.303268432617
"species",294,294,183,26.1193332672119,33.2159996032715,18.7080001831055,1644,316,0.419999986886978,131.699996948242,135.190002441406,178.012466430664
"species",295,295,221,25.1071662902832,31.5160007476807,18.0200004577637,1604,280,0.529999971389771,126.730003356934,130.229995727539,168.49169921875
"species",296,296,119,25.3516674041748,31.6800003051758,18.3279991149902,1533,267,0.620000004768372,123.470001220703,128.350006103516,152.93798828125
"species",297,297,7,26.5461311340332,32.8785705566406,19.4642848968506,1087,270,0.319999992847443,154.729995727539,111.069999694824,140.96484375
"species",298,298,532,24.3031673431396,30.4720001220703,17.5400009155273,507,176,0.129999995231628,152.649993896484,102.849998474121,142.149993896484
"species",299,299,11,27.1494998931885,33.3600006103516,20.6160011291504,654,172,-0.0799999982118607,163.220001220703,111.430000305176,137.178771972656
"species",300,300,22,26.9694995880127,32.7680015563965,20.6520004272461,831,240,0.239999994635582,153.229995727539,105.800003051758,153.93196105957
"species",301,301,19,26.8226661682129,32.5679969787598,20.564001083374,1088,283,0.479999989271164,145.75,138.339996337891,155.093719482422
"species",302,302,9,26.6807289123535,32.0750007629395,20.7291679382324,1025,273,0.509999990463257,138.869995117188,130.419998168945,144.860626220703
"species",303,303,1865,17.8234996795654,24.7360000610352,10.1719999313354,923,22,0.100000001490116,112.559997558594,131.399993896484,175.954177856445
"species",304,304,2729,12.5450000762939,20.0639991760254,4.45599985122681,654,24,0.0399999991059303,92.879997253418,109.550003051758,131.313659667969
"species",305,305,1492,19.1246662139893,26.4559993743896,11.1599998474121,1000,286,0.409999996423721,120.51000213623,110.949996948242,194.743896484375
"species",306,306,1275,19.9559993743896,26.4080009460449,13.0159997940063,1331,329,0.579999983310699,120.540000915527,118.129997253418,208.139114379883
"species",307,307,1070,20.943000793457,26.6280002593994,14.7119998931885,1680,307,0.639999985694885,124.470001220703,124.339996337891,184.399032592773
"species",308,308,61,26.4198322296143,32.5200004577637,19.5279998779297,1077,216,0.439999997615814,137.740005493164,137.669998168945,171.653549194336
"species",309,309,171,25.695499420166,32.4959983825684,18.3920001983643,737,160,0.0900000035762787,143.679992675781,145.880004882812,187.554977416992
"species",310,310,967,21.6318340301514,28.5440006256104,14.5679998397827,696,146,0.159999996423721,138.889999389648,135.850006103516,194.090927124023
"species",311,311,38,26.9489994049072,33.8639984130859,19.6520004272461,502,131,-0.200000002980232,146.940002441406,131.720001220703,192.435256958008
"species",312,312,643,23.3986663818359,30.5399990081787,15.7840003967285,477,112,-0.109999999403954,146.490005493164,134.429992675781,195.022354125977
"species",313,313,787,22.7083339691162,29.6639995574951,15.539999961853,420,108,-0.0199999995529652,144.289993286133,130.809997558594,193.664627075195
"species",314,314,716,23.378999710083,30.4039993286133,15.996000289917,440,120,-0.0399999991059303,147.729995727539,135.020004272461,214.29475402832
"species",315,315,142,26.4421672821045,33.0799980163574,19.2999992370605,449,131,-0.159999996423721,161.669998168945,134.570007324219,185.292572021484
"species",316,316,869,22.6733322143555,29.0480003356934,15.8760004043579,451,109,-0.0299999993294477,140.630004882812,128.199996948242,181.755752563477
"species",317,317,698,23.5191669464111,30.0919990539551,16.5559997558594,466,146,0.0500000007450581,141.039993286133,138.699996948242,195.345230102539
"species",318,318,890,22.3010005950928,28.1480007171631,15.9040002822876,631,180,0.239999994635582,131.360000610352,127.050003051758,191.787048339844
"species",319,319,396,24.763500213623,30.8279991149902,18.2399997711182,886,283,0.330000013113022,134.539993286133,132.600006103516,199.852691650391
"species",320,320,65,26.2601661682129,31.9919986724854,20.068000793457,1024,286,0.490000009536743,131.660003662109,130.130004882812,194.981109619141
"species",321,321,797,23.7528324127197,30.5480003356934,16.4640007019043,1355,71,0.579999983310699,129.429992675781,143.880004882812,210.900970458984
"species",322,322,1887,16.8363342285156,23.1399993896484,10.3159999847412,668,169,0.349999994039536,100.779998779297,110.620002746582,196.477447509766
"species",323,323,594,23.58766746521,30.3239994049072,16.4080009460449,787,112,0.0299999993294477,149.979995727539,142.610000610352,181.976303100586
"species",324,324,918,21.8759994506836,28.576000213623,14.9759998321533,717,112,0.00999999977648258,148.919998168945,140.210006713867,196.457809448242
"species",325,325,924,21.8321666717529,28.7639999389648,14.7559995651245,688,116,0.0700000002980232,148.5,141.929992675781,183.084823608398
"species",326,326,63,26.566333770752,34.3560028076172,18.4799995422363,648,107,-0.100000001490116,164.179992675781,158.809997558594,178.429168701172
"species",327,327,587,23.7450008392334,31.3640003204346,15.8199996948242,591,107,-0.129999995231628,158.339996337891,149.979995727539,203.399826049805
"species",328,328,623,23.8015003204346,31.5279998779297,15.7959995269775,472,76,-0.330000013113022,136.160003662109,148.509994506836,188.586868286133
"species",329,329,894,22.4763336181641,29.7239990234375,15.1319999694824,541,101,-0.159999996423721,146.529998779297,140.309997558594,189
"species",330,330,848,22.849666595459,29.8439998626709,15.6599998474121,567,97,-0.119999997317791,147.110000610352,130.509994506836,178.436264038086
"species",331,331,763,23.1770000457764,30.0399990081787,16.003999710083,455,74,-0.239999994635582,147.990005493164,132.479995727539,198.998641967773
"species",332,332,643,23.6563339233398,30.3799991607666,16.6200008392334,533,114,0.100000001490116,147.649993896484,140.320007324219,200.410339355469
"species",333,333,762,23.0270004272461,29.1200008392334,16.492000579834,698,165,0.25,138.919998168945,131.199996948242,198.010055541992
"species",334,334,261,25.3993339538574,31.5879993438721,18.996000289917,912,250,0.310000002384186,141.490005493164,135.179992675781,190.947540283203
"species",335,335,65,26.1181659698486,31.92799949646,20.0559997558594,1047,267,0.5,135.449996948242,127.690002441406,194.594985961914
"species",336,336,2407,13.8313331604004,21.0240001678467,6.11600017547607,718,32,0.100000001490116,93.5199966430664,108.620002746582,195.004348754883
"species",337,337,1148,20.5476665496826,27.0120010375977,13.8439998626709,698,85,-0.0799999982118607,126,128.710006713867,182.091018676758
"species",338,338,758,22.8618335723877,29.7080001831055,15.7679996490479,603,73,-0.219999998807907,137.5,147.869995117188,179.821731567383
"species",339,339,816,22.5335006713867,29.4080009460449,15.4840002059937,693,102,-0.0199999995529652,134.339996337891,142.820007324219,172.552871704102
"species",340,340,935,21.658332824707,28.7159996032715,14.6680002212524,775,124,0.270000010728836,147.660003662109,137.919998168945,152.397857666016
"species",341,341,1082,20.9758338928223,28.0839996337891,13.9399995803833,557,94,0.0900000035762787,145.190002441406,133.350006103516,186.417541503906
"species",342,342,669,23.4594993591309,30.992000579834,15.6520004272461,495,62,-0.239999994635582,137.580001831055,138.740005493164,186.14208984375
"species",343,343,864,22.558666229248,29.7919998168945,15.1160001754761,491,56,-0.259999990463257,128.070007324219,127.970001220703,192.0751953125
"species",344,344,710,23.3511657714844,30.4720001220703,16.0359992980957,481,74,-0.270000010728836,149.669998168945,132.070007324219,193.572998046875
"species",345,345,526,24.2888336181641,31.6319999694824,16.9559993743896,487,80,-0.300000011920929,156.279998779297,146.559997558594,202.958953857422
"species",346,346,331,25.2229995727539,32.439998626709,18.0599994659424,678,118,-0.209999993443489,159.419998168945,151.699996948242,201.269515991211
"species",347,347,299,25.2983341217041,31.9440002441406,18.42799949646,805,178,0.0700000002980232,152.300003051758,144.160003662109,187.410354614258
"species",348,348,270,25.2175006866455,31.3159999847412,18.9079990386963,935,221,0.259999990463257,144.639999389648,135.740005493164,191.489456176758
"species",349,349,1879,16.9050006866455,22.8999996185303,10.7159996032715,819,54,0.400000005960464,88.2600021362305,110.029998779297,182.909164428711
"species",350,350,1529,18.708833694458,25.0879993438721,12.0480003356934,740,73,0.189999997615814,100.599998474121,123.330001831055,191.336227416992
"species",351,351,1812,17.4461669921875,23.7479991912842,10.9919996261597,751,45,0.159999996423721,110.860000610352,115.099998474121,188.919784545898
"species",352,352,868,22.4116668701172,29.2239990234375,15.4399995803833,768,78,-0.0399999991059303,133.369995117188,144.139999389648,183.193664550781
"species",353,353,923,21.9848327636719,29.1599998474121,14.6120004653931,509,47,-0.170000001788139,133.699996948242,135.679992675781,185.036987304688
"species",354,354,895,22.1896667480469,29.492000579834,14.7159996032715,434,62,-0.170000001788139,133.660003662109,133.389999389648,187.59651184082
"species",355,355,1020,21.636833190918,28.511999130249,14.3800001144409,466,64,-0.219999998807907,144.380004882812,123.709999084473,181.857467651367
"species",356,356,824,23.2403335571289,30.2080001831055,15.8240003585815,441,72,-0.270000010728836,148.800003051758,135.630004882812,182.13850402832
"species",357,357,605,24.1264991760254,31.2439994812012,16.5639991760254,543,83,-0.209999993443489,157.360000610352,146.25,190.475845336914
"species",358,358,413,24.7391662597656,31.6200008392334,17.5120010375977,743,125,-0.0900000035762787,159.839996337891,149.619995117188,192.146270751953
"species",359,359,374,24.8026657104492,31.0599994659424,18.011999130249,859,159,0.0900000035762787,152.869995117188,142.320007324219,181.114868164062
"species",360,360,1175,20.6625003814697,26.488000869751,14.4160003662109,604,102,0.109999999403954,139.929992675781,127.180000305176,196.38737487793
"species",361,361,944,22.0195007324219,28.0160007476807,15.539999961853,726,118,0.159999996423721,143.460006713867,131.539993286133,200.387191772461
"species",362,362,978,21.0748329162598,26.0960006713867,15.5920000076294,969,173,0.439999997615814,130.690002441406,118.25,196.228363037109
"species",363,363,799,22.1231670379639,27.3479995727539,16.8920001983643,1224,382,0.660000026226044,137.919998168945,124.25,220.23176574707
"species",364,364,48,26.0353336334229,31.4559993743896,20.8959999084473,1250,447,0.610000014305115,142.169998168945,132.380004882812,217.575256347656
"species",365,365,24,26.2313327789307,31.4160003662109,21.3959999084473,1203,466,0.649999976158142,136.440002441406,110.400001525879,206.390090942383
"species",366,366,1308,19.3613338470459,24.931999206543,13.6960000991821,1104,474,0.449999988079071,114.76000213623,118.309997558594,234.653823852539
"species",367,367,464,23.9518337249756,29.5359992980957,18.9360008239746,1083,523,0.610000014305115,135.220001220703,111.800003051758,224.211791992188
"species",368,368,11,26.3278331756592,31.5440006256104,21.5440006256104,1081,530,0.5,140.619995117188,114.480003356934,202.536010742188
"species",369,369,1997,15.8188333511353,22.007999420166,9.66800022125244,1048,96,0.509999990463257,99.7900009155273,101.23999786377,212.356628417969
"species",370,370,1696,17.2735004425049,23.0359992980957,11.5279998779297,1312,536,0.759999990463257,107.379997253418,110.690002441406,229.547805786133
"species",371,371,1414,18.775333404541,24.4720001220703,13.1800003051758,953,519,0.579999983310699,113.23999786377,108.199996948242,234.085601806641
"species",372,372,129,25.8216667175293,30.9839992523193,20.9720001220703,999,510,0.400000005960464,129.850006103516,113.610000610352,205.444213867188
"species",373,373,1418,18.6468334197998,24.4120006561279,12.9919996261597,1189,533,0.519999980926514,115.5,107.569999694824,231.389068603516
"species",374,374,39,25.7285003662109,30.4720001220703,20.8799991607666,901,438,0.430000007152557,123.339996337891,124.370002746582,223.126922607422
"species",375,375,474,24.1638336181641,29.1520004272461,19.7679996490479,1049,217,0.560000002384186,116.76000213623,106.410003662109,227.289352416992
"species",376,376,233,25.4446659088135,29.8839988708496,21.3799991607666,1048,218,0.439999997615814,122.959999084473,109.389999389648,220.446075439453
"species",377,377,217,25.5596656799316,29.8840007781982,21.3680000305176,1094,345,0.400000005960464,120.309997558594,109.75,223.241149902344
"species",378,378,1904,15.6960000991821,21.1200008392334,10.2919998168945,1343,87,0.540000021457672,107.589996337891,104.900001525879,232.585525512695
"species",379,379,62,26.429666519165,31.1240005493164,22.3640003204346,1156,291,0.620000004768372,116.269996643066,105.839996337891,215.949096679688
"species",380,380,39,26.5820007324219,30.9839992523193,22.8159999847412,938,86,0.449999988079071,115.089996337891,114.980003356934,213.525405883789
"species",381,381,148,26.0591659545898,30.3080005645752,21.7560005187988,969,77,0.270000010728836,121.900001525879,112.230003356934,215.006607055664
"species",382,382,74,26.3261661529541,30.3120002746582,22.4120006561279,875,160,0.150000005960464,119.190002441406,113.190002441406,214.555053710938
"species",383,383,423,23.8518333435059,28.8199996948242,19.1159992218018,1170,306,0.479999989271164,134.339996337891,116.839996337891,232.951995849609
"species",384,384,480,24.7250003814697,29.8719997406006,20.2759990692139,1067,71,0.46000000834465,125.860000610352,120.059997558594,225.32585144043
"species",385,385,68,26.3686676025391,30.7040004730225,22.2880001068115,984,82,0.159999996423721,123.980003356934,114.059997558594,217.663604736328
"species",386,386,92,25.966667175293,30.2000007629395,21.9440002441406,721,200,0.28999999165535,119.029998779297,121.550003051758,214.232055664062
"species",387,387,101,26.3514995574951,31.1880016326904,21.8519992828369,911,112,0.389999985694885,131.550003051758,126.889999389648,220.485107421875
"species",388,388,737,23.3040008544922,28.1040000915527,18.8719997406006,1054,115,0.529999971389771,126.080001831055,111.800003051758,220.512100219727
"species",389,389,116,25.7965908050537,30.2999992370605,21.5272731781006,1271,82,0.620000004768372,134.360000610352,115.51000213623,226.494659423828
"species",390,390,420,24.9909992218018,29.8199996948242,20.4519996643066,1206,125,0.589999973773956,133.210006713867,117.300003051758,226.746566772461
"species",391,391,276,25.7321662902832,30.5,21.1560001373291,1341,238,0.639999985694885,136.240005493164,120.889999389648,232.131423950195
"species",392,392,266,25.6773338317871,30.6119995117188,20.8759994506836,1753,1178,0.740000009536743,138.580001831055,133.570007324219,240.300338745117
"species",393,393,132,27.8553333282471,33.2840003967285,22.6000003814697,852,317,0.280000001192093,150.169998168945,149.619995117188,190.663177490234
"species",394,394,176,25.8108329772949,30.6720008850098,21.2320003509521,1945,1097,0.75,135.820007324219,133.009994506836,229.680755615234
"species",395,395,180,25.5890007019043,30.2800006866455,21.2639999389648,2092,1102,0.769999980926514,130.520004272461,128.789993286133,240.446060180664
"species",396,396,62,26.0088329315186,30.4759998321533,21.9479999542236,2202,1227,0.790000021457672,126.150001525879,124.839996337891,234.156448364258
"species",397,397,45,25.9204998016357,30.1919994354248,22.0879993438721,2214,1326,0.790000021457672,121.150001525879,119.419998168945,229.402252197266
"species",398,398,90,25.6459999084473,29.9160003662109,21.8559989929199,2224,1223,0.800000011920929,121.379997253418,116.800003051758,236.426956176758
"species",399,399,86,26.0909996032715,30.4400005340576,21.9200000762939,1762,1064,0.720000028610229,128.509994506836,125.199996948242,235.689147949219
"species",400,400,68,25.8554992675781,30.1400012969971,21.9400005340576,2111,1058,0.810000002384186,121.910003662109,117.660003662109,231.163513183594
"species",401,401,305,25.2180004119873,29.7360000610352,20.8600006103516,1405,853,0.569999992847443,133.649993896484,129.910003662109,239.356475830078
"species",402,402,50,26.1720008850098,30.8439998626709,21.8920001983643,1734,919,0.769999980926514,129.990005493164,123.76000213623,215.318740844727
"species",403,403,13,26.2843341827393,30.7759990692139,22.1960010528564,1705,796,0.790000021457672,131.490005493164,122.040000915527,215.899490356445
"species",404,404,140,25.8939990997314,30.5559997558594,21.5279998779297,1462,828,0.769999980926514,137.350006103516,130.470001220703,235.632766723633
"species",405,405,89,26.128833770752,30.8080005645752,21.8120002746582,1811,1119,0.800000011920929,135.759994506836,126.519996643066,224.464859008789
"species",406,406,530,24.3388328552246,29.5599994659424,19.2360000610352,1141,841,0.629999995231628,140.919998168945,126.029998779297,241.818267822266
"species",407,407,338,24.7080001831055,29.8880004882812,19.4440002441406,1103,722,0.550000011920929,138.539993286133,126.959999084473,221.311233520508
"species",408,408,2689,12.7886667251587,18.7119998931885,6.77600002288818,353,251,-0.150000005960464,111.040000915527,108.559997558594,238.263549804688
"species",409,409,358,24.4281673431396,29.2520008087158,19.4799995422363,1021,666,0.5,138.5,125.800003051758,212.949264526367
"species",410,410,295,24.8021659851074,29.8759994506836,19.576000213623,1114,703,0.550000011920929,139.800003051758,125.309997558594,219.262680053711
"species",411,411,2319,15.1300001144409,20.6720008850098,9.33199977874756,580,331,0.189999997615814,121.959999084473,111.980003356934,238.953262329102
"species",412,412,1415,19.3938331604004,24.1159992218018,14.4879999160767,1163,571,0.610000014305115,129.580001831055,114.860000610352,236.416519165039
"species",413,413,285,24.7275009155273,29.6400012969971,19.6200008392334,1088,713,0.509999990463257,133.210006713867,125.650001525879,212.033065795898
"species",414,414,266,24.9438323974609,30.0839996337891,19.5920009613037,1069,705,0.519999980926514,132.520004272461,125.029998779297,222.452438354492
"species",415,415,250,25.0911674499512,30.3920001983643,19.503999710083,1030,640,0.5,141.509994506836,124.690002441406,217.991317749023
"species",416,416,257,25.1136665344238,30.4440002441406,19.4400005340576,1034,571,0.469999998807907,142.039993286133,119.839996337891,217.002883911133
"species",417,417,624,22.9220008850098,27.9640007019043,17.6480007171631,1292,729,0.569999992847443,136.309997558594,122.290000915527,229.677139282227
"species",418,418,301,24.6116676330566,29.5520000457764,19.4200000762939,1164,734,0.490000009536743,141.119995117188,124.940002441406,210.360763549805
"species",419,419,290,24.8188323974609,29.931999206543,19.4160003662109,1100,694,0.5,141.210006713867,124.610000610352,218
"species",420,420,234,25.1451663970947,30.3999996185303,19.5,1020,632,0.469999998807907,142.279998779297,124.970001220703,218
"species",421,421,233,25.220832824707,30.568000793457,19.4559993743896,990,560,0.449999988079071,142.880004882812,119.540000915527,216.696273803711
"species",422,422,18,26.6341667175293,31.064001083374,22.4039993286133,1460,97,0.430000007152557,143.210006713867,123.930000305176,153.267120361328
"species",423,423,18,26.4776668548584,30.9759998321533,22.2479991912842,1377,74,0.430000007152557,149.179992675781,123,145.413558959961
"species",424,424,3087,10.6898336410522,17.2520008087158,3.75600004196167,378,191,-0.0500000007450581,103.540000915527,81.9499969482422,233.631774902344
"species",425,425,479,23.6768341064453,28.5240001678467,18.576000213623,1339,769,0.550000011920929,138.110000610352,123.080001831055,208.31266784668
"species",426,426,343,24.4423332214355,29.4519996643066,19.0960006713867,1229,752,0.5,141.050003051758,124.769996643066,216.077865600586
"species",427,427,296,24.792667388916,29.9160003662109,19.3080005645752,1133,701,0.490000009536743,142.449996948242,124.730003356934,218
"species",428,428,315,24.7961673736572,30.068000793457,19.1200008392334,1078,636,0.479999989271164,142.669998168945,124.300003051758,220.768829345703
"species",429,429,243,25.1776657104492,30.5200004577637,19.3479995727539,1008,575,0.439999997615814,143.460006713867,119.459999084473,216.923248291016
"species",430,430,13,26.5961666107178,31.2880001068115,22.3599987030029,1393,161,0.340000003576279,143.5,129.600006103516,207.146347045898
"species",431,431,38,26.3728332519531,31.9759998321533,21.2280006408691,1334,137,0.360000014305115,147.270004272461,127.709999084473,211.096954345703
"species",432,432,48,26.2368335723877,32.2439994812012,20.6359996795654,1274,101,0.360000014305115,151.759994506836,125.110000610352,212.951919555664
"species",433,433,36,26.1720008850098,32.2719993591309,20.3999996185303,1256,71,0.349999994039536,156.550003051758,122.75,213.952224731445
"species",434,434,27,26.2213325500488,32.4160003662109,20.3360004425049,1262,44,0.349999994039536,157.600006103516,123.309997558594,211.810501098633
"species",435,435,1616,17.970832824707,23.4799995422363,12.1560001373291,799,415,0.449999988079071,120.569999694824,102.819999694824,235.152770996094
"species",436,436,483,23.6790008544922,28.6480007171631,18.2919998168945,1305,806,0.569999992847443,138.190002441406,123.26000213623,211.848785400391
"species",437,437,336,24.4963340759277,29.6359996795654,18.996000289917,1216,760,0.519999980926514,141.990005493164,124.76000213623,215.150634765625
"species",438,438,251,25.0653324127197,30.2799987792969,19.4039993286133,1123,707,0.479999989271164,143.880004882812,125.610000610352,218
"species",439,439,248,25.1679992675781,30.435998916626,19.431999206543,1066,649,0.469999998807907,144.220001220703,125.160003662109,218
"species",440,440,232,25.3015003204346,30.6599998474121,19.4039993286133,1021,605,0.439999997615814,144.509994506836,119.339996337891,216
"species",441,441,18,26.3535003662109,31.0839996337891,22,1227,248,0.319999992847443,149.880004882812,134.75,210.528549194336
"species",442,442,19,26.2948341369629,31.7519989013672,21.2399997711182,1200,181,0.310000002384186,151.619995117188,132.050003051758,206.281112670898
"species",443,443,47,26.166166305542,32.2280006408691,20.5,1163,133,0.28999999165535,154.449996948242,128.380004882812,214.814147949219
"species",444,444,71,25.9303340911865,32.0959968566895,20.0920009613037,1157,100,0.300000011920929,155.970001220703,126.569999694824,212.907653808594
"species",445,445,38,26.0851669311523,32.3840026855469,20.07200050354,1123,79,0.28999999165535,156.740005493164,126.139999389648,211.908432006836
"species",446,446,20,26.2376670837402,32.4160003662109,20.3239994049072,1077,72,0.259999990463257,153.490005493164,125.639999389648,210.818054199219
"species",447,447,1786,17.3075008392334,23.1119995117188,11.2600002288818,684,339,0.389999985694885,124.819999694824,104.650001525879,240.384033203125
"species",448,448,812,22.0048332214355,27.4400005340576,16.0639991760254,1136,865,0.610000014305115,130.839996337891,118.349998474121,217.251571655273
"species",449,449,477,23.8186664581299,28.9759998321533,18.2040004730225,1172,794,0.550000011920929,139.910003662109,123.839996337891,213.70198059082
"species",450,450,399,24.3474998474121,29.5960006713867,18.6680011749268,1155,745,0.519999980926514,142.440002441406,125.129997253418,215.820373535156
"species",451,451,303,24.9371662139893,30.2119998931885,19.2119998931885,1087,699,0.490000009536743,144.509994506836,125.819999694824,215.670608520508
"species",452,452,234,25.3530006408691,30.7399997711182,19.503999710083,1031,662,0.46000000834465,145.660003662109,119.669998168945,217.726547241211
"species",453,453,224,25.443000793457,30.8559989929199,19.5,1003,626,0.439999997615814,145.330001831055,119.569999694824,216.756286621094
"species",454,454,51,26.1023330688477,32.1879997253418,20.3599987030029,1090,132,0.259999990463257,156.020004272461,130.050003051758,208.39631652832
"species",455,455,73,25.9358329772949,32.2519989013672,19.9519996643066,1057,115,0.259999990463257,155.139999389648,128.350006103516,203.511978149414
"species",456,456,39,26.111665725708,32.3199996948242,20.1760005950928,1051,114,0.259999990463257,152.919998168945,128.100006103516,203.900894165039
"species",457,457,1827,17.4321670532227,23.3039989471436,11.3800001144409,646,289,0.419999986886978,128.580001831055,107.550003051758,240.096786499023
"species",458,458,1007,21.3296661376953,27.068000793457,15.2040004730225,970,624,0.529999971389771,133.619995117188,111.440002441406,220.598327636719
"species",459,459,447,24.1816673278809,29.4839992523193,18.4200000762939,1040,719,0.479999989271164,143,134.009994506836,212.858474731445
"species",460,460,350,24.7746658325195,30.1319999694824,19.0160007476807,1038,703,0.469999998807907,145.369995117188,126.23999786377,215
"species",461,461,332,24.9803333282471,30.3799991607666,19.1520004272461,1017,676,0.469999998807907,145.639999389648,126.089996337891,215.660079956055
"species",462,462,222,25.5408325195312,30.9759998321533,19.6359996795654,984,656,0.449999988079071,146.470001220703,126.459999084473,214.24528503418
"species",463,463,193,25.7035007476807,31.1240005493164,19.7560005187988,967,636,0.430000007152557,146.240005493164,119.949996948242,216.18212890625
"species",464,464,847,22.529333114624,28.3439998626709,16.3560009002686,846,499,0.430000007152557,140.220001220703,113.150001525879,228.950637817383
"species",465,465,294,25.195499420166,30.6800003051758,19.2919998168945,906,652,0.389999985694885,147.789993286133,136.449996948242,213.339248657227
"species",466,466,287,25.3349990844727,30.7999992370605,19.4839992523193,915,652,0.409999996423721,148.020004272461,127.470001220703,212.724517822266
"species",467,467,262,25.5284996032715,30.9799995422363,19.6880016326904,905,644,0.419999986886978,147.330001831055,127.150001525879,216.297286987305
"species",468,468,294,25.42799949646,30.8439998626709,19.5799999237061,911,637,0.439999997615814,146.679992675781,125.629997253418,215.553283691406
"species",469,469,229,25.7001667022705,31.1840000152588,19.7439994812012,896,624,0.419999986886978,146.490005493164,119.800003051758,214.847091674805
"species",470,470,834,22.7936668395996,28.9640007019043,16.3640003204346,733,390,0.370000004768372,142,121.26000213623,223.905487060547
"species",471,471,342,25.1168327331543,30.7919998168945,19.0480003356934,814,554,0.340000003576279,147.690002441406,135.979995727539,221.101119995117
"species",472,472,236,25.8011665344238,31.435998916626,19.7999992370605,817,590,0.340000003576279,131.630004882812,137.399993896484,208.944290161133
"species",473,473,251,25.792667388916,31.2999992370605,19.9720001220703,814,608,0.349999994039536,133.589996337891,137.479995727539,210.829971313477
"species",474,474,252,25.8444995880127,31.3080005645752,20.007999420166,782,597,0.349999994039536,148.470001220703,126.849998474121,214.213653564453
"species",475,475,224,25.9523334503174,31.4119987487793,20.1119995117188,753,587,0.340000003576279,148.119995117188,126.569999694824,216.150115966797
"species",476,476,213,26.2035007476807,31.8999996185303,20.1720008850098,760,531,0.310000002384186,131.380004882812,138.029998779297,208.270904541016
"species",477,477,230,26.1786670684814,31.7439994812012,20.2999992370605,733,545,0.310000002384186,132.399993896484,137.75,213.508071899414
"species",478,478,224,26.1863327026367,31.6920013427734,20.3799991607666,689,531,0.280000001192093,134.440002441406,136.770004272461,214.249862670898
"species",479,479,204,26.5501670837402,32.2000007629395,20.5920009613037,700,486,0.300000011920929,131.360000610352,138.320007324219,206.081451416016
"species",480,480,204,26.5588340759277,32.1759986877441,20.7000007629395,686,498,0.28999999165535,132.5,137.559997558594,213.866683959961
"species",481,481,1006,22.4775009155273,29.0960006713867,15.6119995117188,382,236,-0.0900000035762787,110.51000213623,119.330001831055,218
"species",482,482,886,23.1856670379639,29.5599994659424,16.7280006408691,468,268,0.0900000035762787,108.099998474121,119.300003051758,219
"species",483,483,837,23.3390007019043,29.8719997406006,16.6440010070801,459,230,0,110.059997558594,120.589996337891,211.332794189453
