"species","x","y","alt","wc2.0_bio_2.5m_1","wc2.0_bio_2.5m_5","wc2.0_bio_2.5m_6","wc2.0_bio_2.5m_16","wc2.0_bio_2.5m_17","current_2.5arcmin_climaticMoistureIndex","current_2.5arcmin_PETDriestQuarter","current_2.5arcmin_PETWettestQuarter","Cropped_Cloud"
"species",1,1,205,12.5276670455933,29.923999786377,-7.14799976348877,347,255,0.0299999993294477,117.019996643066,106.980003356934,154.685806274414
"species",2,2,302,11.6660003662109,29.2760009765625,-7.61199998855591,333,235,-0.0299999993294477,78.5899963378906,160.479995727539,163.047668457031
"species",3,3,308,11.9421663284302,29.2959995269775,-7.01599979400635,338,254,0,31.2399997711182,162.630004882812,168.275573730469
"species",4,4,774,8.66433334350586,25.1720008850098,-10.0640001296997,357,254,0.189999997615814,66.3600006103516,142.929992675781,190.172760009766
"species",5,5,220,11.0351667404175,28.7639999389648,-8.76799964904785,297,220,-0.0299999993294477,24.0799999237061,133.020004272461,173.087036132812
"species",6,6,636,15.2659997940063,32.068000793457,-1.25999999046326,376,10,-0.509999990463257,198.199996948242,59.2000007629395,70.8153610229492
"species",7,7,307,13.9554996490479,31.3400001525879,-4.38400030136108,400,294,0.129999995231628,123.940002441406,117.430000305176,147.399124145508
"species",8,8,520,12.1005001068115,29.2360000610352,-5.7039999961853,368,288,0.119999997317791,115.779998779297,161.119995117188,157.729019165039
"species",9,9,786,11.0386667251587,27.5279998779297,-6.26399993896484,338,256,0.0700000002980232,48.6199989318848,150.600006103516,161.998397827148
"species",10,10,159,15.7593336105347,33.3079986572266,-2.48799991607666,448,281,0.0799999982118607,134.029998779297,128.850006103516,129.860992431641
"species",11,11,292,15.2186660766602,32.3279991149902,-2.5,431,286,0.109999999403954,128.240005493164,60.4000015258789,138.35237121582
"species",12,12,1020,11.4333333969116,26.8320007324219,-4.76399993896484,527,431,0.409999996423721,108.430000305176,52.2200012207031,140.593521118164
"species",13,13,2421,12.666166305542,20.4519996643066,5.09999990463257,728,65,0.150000005960464,109.470001220703,119.379997253418,149.860504150391
"species",14,14,1224,21.441333770752,28.7679996490479,13.8999996185303,1144,94,0.200000002980232,152.889999389648,145.869995117188,137.470901489258
