"species","x","y","alt","wc2.0_bio_2.5m_1","wc2.0_bio_2.5m_5","wc2.0_bio_2.5m_6","wc2.0_bio_2.5m_16","wc2.0_bio_2.5m_17","current_2.5arcmin_climaticMoistureIndex","current_2.5arcmin_PETDriestQuarter","current_2.5arcmin_PETWettestQuarter"
"species",1,1,866,5.49483346939087,15.4840002059937,-4.47200012207031,1177,300,0.759999990463257,83.0699996948242,10.460000038147
"species",2,2,60,9.98472213745117,21.0190486907959,-2.48571419715881,688,199,0.509999990463257,128.169998168945,13.7399997711182
"species",3,3,1860,1.53133344650269,14.4680004119873,-10.5559997558594,375,160,0.140000000596046,95.5899963378906,7.78000020980835
"species",4,4,1543,3.37533330917358,17.3199996948242,-12.1999998092651,349,130,0.150000005960464,116.389999389648,8.65999984741211
"species",5,5,401,2.38733339309692,22.6240005493164,-22.7679996490479,304,89,-0.109999999403954,11.3599996566772,138.080001831055
"species",6,6,465,0.77566659450531,20.8479995727539,-26.2159996032715,273,114,0.0500000007450581,2.73000001907349,134.399993896484
"species",7,7,407,0.389166712760925,19.7199993133545,-24.0799999237061,293,128,0.259999990463257,26.5100002288818,64.1999969482422
"species",8,8,368,1.40433323383331,20.92799949646,-23.2479991912842,287,135,0.200000002980232,28.4699993133545,103.730003356934
"species",9,9,316,1.10366666316986,20.5960006713867,-24.1159992218018,320,158,0.219999998807907,27.6399993896484,106.059997558594
"species",10,10,155,1.16750001907349,21.3559989929199,-25.4559993743896,311,142,0.189999997615814,27.9099998474121,105.410003662109
"species",11,11,520,-0.0661666616797447,20.0400009155273,-24.4200000762939,345,193,0.370000004768372,23.9799995422363,101.699996948242
"species",12,12,485,1.2664999961853,19.2520008087158,-19.5279998779297,347,239,0.509999990463257,22.8299999237061,15.710000038147
"species",13,13,150,10.2451667785645,21.7520008087158,-2.55999994277954,509,118,0.180000007152557,136.910003662109,18.5300006866455
"species",14,14,1370,4.50783348083496,17.7520008087158,-10.3000001907349,577,96,0.439999997615814,117.550003051758,10.3900003433228
"species",15,15,1245,5.54783344268799,19.8120002746582,-9.74400043487549,356,115,0.0599999986588955,134.360000610352,12.6000003814697
"species",16,16,1219,5.6743335723877,23.2280006408691,-15.6599998474121,129,85,-0.540000021457672,100.459999084473,117.48999786377
"species",17,17,437,4.11183309555054,24.6280002593994,-21.2119998931885,304,58,-0.150000005960464,6.42000007629395,146.149993896484
"species",18,18,477,3.13099980354309,22.4079990386963,-22.1720008850098,298,71,-0.0399999991059303,6.67999982833862,134.990005493164
"species",19,19,181,5.06166648864746,21.7119998931885,-14.5080003738403,266,129,-0.0199999995529652,18.6499996185303,142.470001220703
"species",20,20,302,5.08949995040894,23.2479991912842,-16.4080009460449,267,139,0.0500000007450581,17.2000007629395,116.269996643066
"species",21,21,397,2.83399987220764,20.5,-19.2199993133545,352,209,0.28999999165535,31.2700004577637,72.4199981689453
"species",22,22,423,3.06949996948242,21.5200004577637,-19.1000003814697,291,162,0.170000001788139,14.1300001144409,76.1699981689453
"species",23,23,320,2.70583343505859,21.5799999237061,-21.0599994659424,281,170,0.180000007152557,32.4700012207031,108.629997253418
"species",24,24,368,2.05149984359741,20.8799991607666,-22.3159999847412,323,180,0.239999994635582,31.5100002288818,108.319999694824
"species",25,25,418,1.65566658973694,21.4759998321533,-22.9680004119873,333,184,0.330000013113022,31.3600006103516,107.5
"species",26,26,379,2.20833349227905,21.1200008392334,-21.0200004577637,396,236,0.360000014305115,31.5300006866455,107.449996948242
"species",27,27,403,2.35783338546753,20.8080005645752,-19.8400001525879,337,201,0.310000002384186,13.0100002288818,105.459999084473
"species",28,28,322,2.95616674423218,21.2320003509521,-19.7959995269775,331,218,0.300000011920929,31.75,130.429992675781
"species",29,29,57,4.66783332824707,22.8839988708496,-16.1000003814697,340,270,0.330000013113022,80.8600006103516,11.8699998855591
"species",30,30,361,9.62366676330566,18.4600009918213,-0.0280000008642673,1253,141,0.620000004768372,131.809997558594,21.9899997711182
"species",31,31,465,10.0023336410522,21.6200008392334,-3.04399991035461,899,137,0.560000002384186,141.070007324219,19.8400001525879
"species",32,32,990,8.18233299255371,23.1000003814697,-9.02799987792969,166,50,-0.579999983310699,144.570007324219,18.7299995422363
"species",33,33,1288,7.82033348083496,22.2840003967285,-7.92000007629395,179,95,-0.349999994039536,145.589996337891,16.4300003051758
"species",34,34,2140,2.13499999046326,17.9720001220703,-12.8439998626709,178,103,-0.170000001788139,126.559997558594,12.4399995803833
"species",35,35,295,6.62599992752075,27.492000579834,-18.4839992523193,263,49,-0.370000004768372,10.3900003433228,157.160003662109
"species",36,36,356,6.51016664505005,26.7639999389648,-18.3600006103516,296,60,-0.230000004172325,9.4399995803833,152.839996337891
"species",37,37,348,5.93249988555908,25.1240005493164,-18.5200004577637,325,80,-0.109999999403954,10.3900003433228,155.25
"species",38,38,391,5.50483322143555,24.4160003662109,-18.2919998168945,310,83,-0.0599999986588955,10.6400003433228,126.709999084473
"species",39,39,210,6.61516666412354,24.068000793457,-14.6079998016357,260,115,-0.0599999986588955,12.6499996185303,119.830001831055
"species",40,40,352,6.54299974441528,23.8199996948242,-14.0640001296997,251,118,-0.150000005960464,12.8699998855591,128.619995117188
"species",41,41,173,7.58316659927368,20.9680004119873,-8.8120002746582,281,197,0.119999997317791,39.1100006103516,14.9399995803833
"species",42,42,242,5.66616678237915,23.0839996337891,-15.7559995651245,302,193,0.0799999982118607,40.810001373291,14.1099996566772
"species",43,43,297,4.97716665267944,22.5960006713867,-16.6959991455078,281,188,0.100000001490116,18.3199996948242,48.6100006103516
"species",44,44,389,4.86116647720337,23.1720008850098,-17.007999420166,332,198,0.189999997615814,19.4899997711182,118.410003662109
"species",45,45,470,4.24849987030029,22.0480003356934,-17.0599994659424,358,225,0.280000001192093,18.5,135.580001831055
"species",46,46,139,5.71933364868164,24.1840000152588,-16.1399993896484,298,220,0.180000007152557,22.2800006866455,28.2600002288818
"species",47,47,224,5.76933336257935,22.0279998779297,-12.0080003738403,407,283,0.409999996423721,124.089996337891,15.4399995803833
"species",48,48,135,5.57766675949097,21.8400001525879,-12.4799995422363,444,302,0.46000000834465,114.819999694824,15.2399997711182
"species",49,49,747,11.3070001602173,23.9759998321533,-2.66799998283386,927,63,0.360000014305115,151.970001220703,25.2800006866455
"species",50,50,213,9.98400020599365,28.4799995422363,-12.2440004348755,316,108,-0.109999999403954,18.5,157.830001831055
"species",51,51,263,8.32199954986572,26.9680004119873,-14.5840005874634,304,110,-0.0900000035762787,15.8900003433228,154.919998168945
"species",52,52,182,9.78233337402344,27.1640014648438,-10.8800001144409,294,164,0,29.1700000762939,150.679992675781
"species",53,53,308,8.63183307647705,26.3319988250732,-12.1960000991821,271,143,-0.0900000035762787,17.0699996948242,150.050003051758
"species",54,54,173,9.57649993896484,24.6079998016357,-7.64400005340576,256,176,-0.0799999982118607,26.4500007629395,149.970001220703
"species",55,55,475,7.5566668510437,24.3719997406006,-12.4759998321533,342,222,0.239999994635582,26.5499992370605,143
"species",56,56,386,7.91283321380615,25.1639995574951,-12.0640001296997,268,155,-0.150000005960464,28.5499992370605,149.610000610352
"species",57,57,529,6.77933359146118,24.0480003356934,-12.996000289917,320,211,0.189999997615814,25.6700000762939,137.320007324219
"species",58,58,197,8.14466667175293,26.3320007324219,-11.8520002365112,301,255,0.159999996423721,28.7600002288818,122.419998168945
"species",59,59,371,12.5069999694824,25.1119995117188,-1.88800001144409,888,28,0.319999992847443,169.699996948242,31.1200008392334
"species",60,60,213,16.6714992523193,32.6599998474121,0.660000026226044,285,15,-0.620000004768372,202.649993896484,41.2900009155273
"species",61,61,1497,9.42749977111816,25.3799991607666,-7.5959997177124,656,38,0.159999996423721,166.479995727539,33.7900009155273
"species",62,62,225,12.386833190918,31.3439998626709,-9.15200042724609,342,126,-0.109999999403954,27.8899993896484,162.470001220703
"species",63,63,274,11.9184999465942,30.5,-9.05599975585938,340,154,-0.109999999403954,26.1100006103516,159.429992675781
"species",64,64,202,11.9511671066284,30.2159996032715,-9.2519998550415,309,174,-0.129999995231628,25.3099994659424,139.059997558594
"species",65,65,202,11.3861665725708,29.2679996490479,-9.42000007629395,341,193,-0.0299999993294477,24.1599998474121,160.539993286133
"species",66,66,313,10.6899995803833,28.1760005950928,-9.60400009155273,315,207,-0.0399999991059303,23.7600002288818,158.169998168945
"species",67,67,301,10.7233333587646,28.007999420166,-8.95199966430664,321,204,-0.0500000007450581,25.2299995422363,158.070007324219
"species",68,68,527,9.93733310699463,27.1359996795654,-9.30000019073486,348,250,0.129999995231628,24.2099990844727,149.929992675781
"species",69,69,143,11.8371667861938,29.8279991149902,-7.83200025558472,287,225,-0.0500000007450581,26.6700000762939,136.039993286133
"species",70,70,35,11.2268333435059,27.2119998931885,-5.55599975585938,288,240,0.200000002980232,64.129997253418,84.6600036621094
"species",71,71,1136,13.1478328704834,29.5200004577637,-1.33599996566772,494,19,-0.270000010728836,184.529998779297,41.5
"species",72,72,2710,6.39449977874756,21.9839992523193,-6.49200010299683,201,41,-0.5,123.040000915527,27.7099990844727
"species",73,73,2890,3.85566663742065,20.8640003204346,-14.6040000915527,266,114,-0.259999990463257,111.569999694824,124.019996643066
"species",74,74,365,13.5516662597656,31.6800003051758,-6,363,177,-0.0799999982118607,35.6199989318848,142.339996337891
"species",75,75,447,12.7154998779297,30.7199993133545,-6.88800001144409,333,206,-0.0700000002980232,33.4000015258789,110.059997558594
"species",76,76,157,13.8094997406006,31.2600002288818,-5.65199995040894,360,265,0.0299999993294477,122.51000213623,114.339996337891
"species",77,77,306,13.242166519165,30.5359992980957,-5.30000019073486,361,287,0.0900000035762787,117.879997253418,161.610000610352
"species",78,78,531,12.2288331985474,29.4680004119873,-5.73999977111816,331,246,-0.0299999993294477,52.2200012207031,161.210006713867
"species",79,79,41,14.7343330383301,32.4400024414062,-3.30799984931946,334,251,-0.0799999982118607,56.1800003051758,152.039993286133
"species",80,80,921,14.4286670684814,30.8800010681152,-2.01200008392334,253,7,-0.569999992847443,176.850006103516,58.3199996948242
"species",81,81,1466,12.9125003814697,27.6840000152588,-1.60399997234344,390,15,-0.379999995231628,175.240005493164,57.75
"species",82,82,2066,9.97249984741211,28.0400009155273,-9.53200054168701,187,59,-0.699999988079071,54.25,158.830001831055
"species",83,83,1816,12.8748331069946,31.8319988250732,-7.04400014877319,180,39,-0.75,47.1500015258789,163.220001220703
"species",84,84,238,16.279333114624,34.0120010375977,-2.3199999332428,366,185,-0.150000005960464,45.4700012207031,148.080001831055
"species",85,85,87,16.4395008087158,33.8120002746582,-1.87999999523163,385,264,-0.0500000007450581,178.720001220703,124.699996948242
"species",86,86,119,15.9193334579468,33.2159996032715,-2.49600005149841,437,270,0.0799999982118607,130.809997558594,124.110000610352
"species",87,87,348,14.731333732605,31.3320007324219,-2.63599991798401,435,303,0.140000000596046,123.180000305176,58.6800003051758
"species",88,88,241,15.6443338394165,32.8520011901855,-1.71600008010864,366,292,-0.0500000007450581,91.370002746582,62.6800003051758
"species",89,89,61,16.6521663665771,33.8880004882812,-0.723999977111816,374,238,-0.119999997317791,65.9400024414062,172.570007324219
"species",90,90,15,16.5020008087158,33.2840003967285,-0.272000014781952,439,249,0.00999999977648258,64.6500015258789,166.360000610352
"species",91,91,10,16.6263332366943,31.8559989929199,1.52799999713898,422,290,0.150000005960464,55.8899993896484,132.630004882812
"species",92,92,367,17.6128330230713,32.0040016174316,4.64400005340576,204,9,-0.769999980926514,181.910003662109,78.4100036621094
"species",93,93,2465,8.64566707611084,23.8759994506836,-6.2960000038147,193,21,-0.28999999165535,104.360000610352,50.3899993896484
"species",94,94,515,18.1388339996338,34.9280014038086,0.608000040054321,224,103,-0.540000021457672,60.2700004577637,165.429992675781
"species",95,95,134,19.3549995422363,35.568000793457,2.48799991607666,287,174,-0.409999996423721,58.8400001525879,158.389999389648
"species",96,96,133,18.1175003051758,34.5799980163574,1.33599996566772,330,232,-0.170000001788139,165.169998168945,155.710006713867
"species",97,97,120,17.5405006408691,34.1199989318848,0.379999995231628,437,287,0.0299999993294477,137.800003051758,103.48999786377
"species",98,98,34,18.1003341674805,34.2760009765625,1.41199994087219,435,257,-0.0399999991059303,103.519996643066,74.1500015258789
"species",99,99,56,18.7189998626709,34.5200004577637,2.41600012779236,383,209,-0.189999997615814,104.26000213623,178.649993896484
"species",100,100,10,18.2418327331543,34.0999984741211,2.5479998588562,464,230,-0.0500000007450581,70.5999984741211,165.779998779297
"species",101,101,632,18.1968326568604,33.007999420166,2.41199994087219,244,108,-0.5,64.9100036621094,141.309997558594
"species",102,102,160,19.6618328094482,35.3199996948242,3.4760000705719,296,160,-0.430000007152557,80.25,158.75
"species",103,103,38,19.5804996490479,34.1279983520508,4.4040002822876,406,285,-0.0599999986588955,105.870002746582,171.059997558594
"species",104,104,17,19.5314998626709,34.1240005493164,4.18400001525879,432,358,0.0700000002980232,106,167.339996337891
"species",105,105,39,19.3968334197998,33.515998840332,4.71199989318848,538,317,0.140000000596046,75.9300003051758,160.100006103516
"species",106,106,33,19.545166015625,33.9160003662109,4.40799999237061,518,271,0.0199999995529652,82.5299987792969,170.630004882812
"species",107,107,38,20.420166015625,33.5279998779297,6.40399980545044,537,189,-0.119999997317791,84.0599975585938,169.050003051758
"species",108,108,7,21.6179351806641,32.8652191162109,9.80000019073486,527,190,-0.0399999991059303,70.4400024414062,143.839996337891
"species",109,109,1711,15.8571662902832,31.0599994659424,0.224000006914139,632,54,-0.430000007152557,150.259994506836,152.619995117188
"species",110,110,2080,15.1283330917358,30.0799999237061,-0.232000008225441,611,56,-0.370000004768372,143.729995727539,147.919998168945
"species",111,111,40,22.2761669158936,33.8400001525879,9.92399978637695,557,169,-0.200000002980232,90.6999969482422,169.639999389648
"species",112,112,17,22.0978336334229,33.2239990234375,10.1840000152588,487,173,-0.140000000596046,76.120002746582,159.860000610352
"species",113,113,1004,24.7276668548584,37.6959991455078,10.6640005111694,576,11,-0.560000002384186,176.710006713867,176.149993896484
"species",114,114,2006,17.4948329925537,29.076000213623,4.61600017547607,403,22,-0.589999973773956,146.649993896484,146.369995117188
"species",115,115,12,25.8745002746582,34.7999992370605,16.3400001525879,414,74,-0.439999997615814,149.889999389648,159.229995727539
"species",116,116,12,25.4136657714844,33.931999206543,15.7720003128052,450,120,-0.319999992847443,145.779998779297,159.720001220703
"species",117,117,1481,19.4316673278809,31.0200004577637,6.57599973678589,563,22,-0.430000007152557,151.559997558594,154.660003662109
"species",118,118,2491,13.3811664581299,22.9559993743896,2.44400000572205,224,25,-0.689999997615814,97.6699981689453,146.470001220703
"species",119,119,143,25.5125007629395,34.6279983520508,15.8999996185303,544,79,-0.389999985694885,138.179992675781,167.960006713867
"species",120,120,1953,19.3279991149902,26.9440002441406,10.8479995727539,879,20,-0.00999999977648258,137.460006713867,119.48999786377
"species",121,121,1562,22.6853332519531,30.996000289917,14.0799999237061,731,16,-0.200000002980232,151.589996337891,130.419998168945
"species",122,122,1627,20.4424991607666,28.0520000457764,11.5080003738403,447,16,-0.540000021457672,126.300003051758,150.600006103516
"species",123,123,134,25.3194999694824,33.5880012512207,16.5200004577637,1376,283,0.579999983310699,164.100006103516,135.690002441406
"species",124,124,1604,18.5011672973633,26.0599994659424,10.3640003204346,742,108,0.180000007152557,120.569999694824,135.649993896484
"species",125,125,676,23.2546672821045,29.9680004119873,15.8839998245239,1016,206,0.379999995231628,121.220001220703,118.709999084473
"species",126,126,346,24.9265003204346,31.9559993743896,17.4640007019043,627,16,-0.430000007152557,145.009994506836,166.720001220703
"species",127,127,2208,15.0495004653931,22.564001083374,6.70800018310547,632,47,-0.259999990463257,98.6500015258789,119.529998779297
"species",128,128,975,22.2766666412354,28.1240005493164,16.0599994659424,631,29,-0.25,126.629997253418,132.270004272461
"species",129,129,8,25.8936672210693,30.1599998474121,21.3279991149902,1044,188,0.509999990463257,114.050003051758,111.319999694824
"species",130,130,35,25.6148338317871,30.2999992370605,20.5839996337891,1182,154,0.490000009536743,136.600006103516,125.540000915527
"species",131,131,848,21.6563339233398,26.9160003662109,16.4640007019043,1160,440,0.600000023841858,133.350006103516,123.860000610352
"species",132,132,674,22.6515007019043,28.4519996643066,17.1280002593994,1023,495,0.430000007152557,129.309997558594,119.120002746582
"species",133,133,2080,16.7188339233398,21.8759994506836,11.3559999465942,446,79,-0.0500000007450581,116.559997558594,115.269996643066
"species",134,134,3614,6.97350025177002,10.8520002365112,2.53200006484985,426,64,0.389999985694885,75.379997253418,68.629997253418
"species",135,135,2579,13.9460000991821,19.3039989471436,8.19200038909912,391,146,-0.340000003576279,111.01000213623,100.599998474121
"species",136,136,3340,9.07600021362305,13.2959995269775,4.07999992370605,373,68,0.0799999982118607,81.5299987792969,73.5899963378906
"species",137,137,712,23.5473327636719,28.4039993286133,18.2679996490479,885,401,0.379999995231628,134.070007324219,119.970001220703
"species",138,138,320,24.6184997558594,29.6400012969971,19.2759990692139,1156,716,0.5,141.119995117188,124.589996337891
"species",139,139,202,25.4440002441406,30.8479995727539,19.4720001220703,988,572,0.419999986886978,144.179992675781,119.190002441406
"species",140,140,282,25.3815002441406,30.8680000305176,19.511999130249,914,652,0.409999996423721,147.660003662109,127.300003051758
"species",141,141,228,25.545166015625,30.9680004119873,19.5520000457764,963,619,0.430000007152557,145.729995727539,119.639999389648
"species",142,142,821,23.4258327484131,29.7000007629395,16.988000869751,460,241,0.0500000007450581,108.919998168945,119.970001220703
