"species","x","y","alt","wc2.0_bio_2.5m_1","wc2.0_bio_2.5m_5","wc2.0_bio_2.5m_6","wc2.0_bio_2.5m_16","wc2.0_bio_2.5m_17","current_2.5arcmin_climaticMoistureIndex","current_2.5arcmin_PETDriestQuarter","current_2.5arcmin_PETWettestQuarter","Cropped_Cloud"
"species",1,1,60,6.44566679000854,24.57200050354,-15.2519998550415,274,194,0.0599999986588955,19.4300003051758,121.720001220703,180.973358154297
"species",2,2,70,5.53749990463257,23.6680011749268,-17.0160007476807,323,214,0.180000007152557,18.5799999237061,139.889999389648,179.582641601562
"species",3,3,310,3.76300001144409,22.2679996490479,-18.4440002441406,354,209,0.239999994635582,33.6300010681152,128.889999389648,194.206497192383
"species",4,4,292,3.77333331108093,22.5880012512207,-18.6560001373291,298,201,0.209999993443489,16.8400001525879,119.459999084473,194.024169921875
"species",5,5,342,6.44016695022583,23.5920009613037,-13.8079996109009,367,276,0.330000013113022,43.3699989318848,29.1299991607666,197.732986450195
"species",6,6,292,6.62200021743774,24.4200000762939,-14.1479997634888,289,199,0.109999999403954,23.9799995422363,128.210006713867,184.619903564453
"species",7,7,185,6.66933345794678,25.1639995574951,-14.8919992446899,356,287,0.230000004172325,25.2999992370605,31.4400005340576,176.296585083008
"species",8,8,51,6.80383348464966,24.488000869751,-13.4160003662109,336,260,0.239999994635582,140.839996337891,28.5699996948242,179
"species",9,9,15,6.46666669845581,22.3999996185303,-12.3066663742065,341,242,0.349999994039536,125.629997253418,16.1299991607666,171.505859375
"species",10,10,322,10.0520000457764,27.7280006408691,-10.6999998092651,306,177,-0.0500000007450581,20.8299999237061,151.580001831055,183.899597167969
"species",11,11,403,9.3129997253418,26.4400005340576,-10.7600002288818,317,186,0.00999999977648258,20.1200008392334,148.600006103516,186.185577392578
"species",12,12,297,8.75133323669434,26.0960006713867,-10.5959997177124,313,200,0.0500000007450581,30.2099990844727,147.600006103516,188.696685791016
"species",13,13,58,9.64716625213623,27.2080001831055,-8.87599945068359,332,274,0.189999997615814,146.309997558594,23.7700004577637,169.0263671875
"species",14,14,353,12.9163331985474,31.2159996032715,-7,335,164,-0.100000001490116,32.560001373291,143.389999389648,133.251556396484
"species",15,15,323,13.1178331375122,31.4559993743896,-6.78800010681152,326,189,-0.109999999403954,33.8800010681152,146.820007324219,134.145263671875
"species",16,16,147,13.3520002365112,31.0880012512207,-6.88400030136108,353,244,0,119.349998474121,107.610000610352,155.871444702148
"species",17,17,201,12.42799949646,30.0400009155273,-7.32400035858154,340,244,-0.00999999977648258,79.6600036621094,106.480003356934,161.532272338867
"species",18,18,262,11.7278337478638,29.3120002746582,-7.71600008010864,330,236,-0.0199999995529652,29,160.309997558594,166.852737426758
"species",19,19,343,11.5236663818359,29.011999130249,-7.53999996185303,344,260,0.0299999993294477,30.4899997711182,163.080001831055,171.870025634766
"species",20,20,437,11.2251672744751,28.2520008087158,-6.9520001411438,285,199,-0.109999999403954,29.4899997711182,158.080001831055,160.349273681641
"species",21,21,3,13.4111108779907,30.2000007629395,-4.03333330154419,309,254,0.00999999977648258,74.5699996948242,155.690002441406,132.93537902832
"species",22,22,47,11.949333190918,29.7479991912842,-7.02400016784668,311,268,0.0900000035762787,70.6699981689453,134.979995727539,154.81803894043
"species",23,23,233,15.4184999465942,33.2880020141602,-3.44000005722046,364,186,-0.129999995231628,41.4500007629395,148.289993286133,123.074951171875
"species",24,24,147,14.4263334274292,32.2239990234375,-4.80000019073486,383,282,0.0799999982118607,126.470001220703,118.050003051758,146.984909057617
"species",25,25,198,14.4178333282471,32.0960006713867,-4.2960000038147,388,292,0.0900000035762787,126.790000915527,119.879997253418,154.843399047852
"species",26,26,403,13.0896663665771,30.8840007781982,-5.20799970626831,344,251,0.0199999995529652,85.0199966430664,164.259994506836,146.083084106445
"species",27,27,338,13.5791664123535,31.5799999237061,-4.7960000038147,336,266,-0.0299999993294477,41.3400001525879,167.889999389648,136.270294189453
"species",28,28,119,14.6956663131714,32.7719993591309,-3.36400008201599,322,247,-0.109999999403954,59.189998626709,170.440002441406,132.645324707031
"species",29,29,14,15.7156667709351,32.3880004882812,-0.931999981403351,382,246,0.0199999995529652,58.0200004577637,158.440002441406,138.002029418945
"species",30,30,159,16.8465003967285,34.1720008850098,-1.2039999961853,356,237,-0.129999995231628,48.7099990844727,124.25,132.456481933594
"species",31,31,39,17.3306674957275,34.0839996337891,-0.564000010490417,429,239,0.0399999991059303,130.699996948242,122.970001220703,139.610061645508
"species",32,32,90,16.5556659698486,33.6479988098145,-1.27999997138977,424,271,0.0599999986588955,131.360000610352,94.0500030517578,135.196319580078
"species",33,33,172,16.2446670532227,33.4799995422363,-1.41600000858307,424,264,0.0199999995529652,132.029998779297,65.9100036621094,128.076507568359
"species",34,34,219,16.5356674194336,33.3759994506836,-0.899999976158142,379,248,-0.0700000002980232,93.9499969482422,66.0400009155273,132.529891967773
"species",35,35,88,17.3584995269775,34.1119995117188,0.38400000333786,377,234,-0.129999995231628,69.5400009155273,175.509994506836,142.619430541992
"species",36,36,17,16.916166305542,33.6440010070801,0.351999998092651,425,225,-0.0599999986588955,68.3000030517578,166.220001220703,135.697235107422
"species",37,37,474,18.6433334350586,33.6199989318848,2.40000009536743,280,137,-0.449999988079071,63.7900009155273,159.990005493164,128.112686157227
"species",38,38,69,18.5148334503174,34.0559997558594,2.38800001144409,385,278,-0.0599999986588955,142.539993286133,59.9199981689453,112.700019836426
"species",39,39,129,18.2231674194336,33.431999206543,2.11199998855591,464,319,0.100000001490116,137.559997558594,76,124.584571838379
"species",40,40,53,18.3633327484131,34.507999420166,1.85599994659424,446,312,0.0500000007450581,108.879997253418,78.8600006103516,126
"species",41,41,120,18.3943328857422,33.476001739502,2.62800002098083,391,268,0,104.680000305176,76.9199981689453,132.018524169922
"species",42,42,70,19.0604991912842,34.1240005493164,3.27600002288818,375,223,-0.140000000596046,77.6500015258789,172.509994506836,145.350997924805
"species",43,43,14,19.3763332366943,34.2080001831055,4.2519998550415,483,216,-0.0799999982118607,75.9899978637695,167.559997558594,135.484710693359
"species",44,44,397,18.9505004882812,33.5359992980957,3.31200003623962,271,136,-0.479999989271164,66.1600036621094,159.979995727539,129.518402099609
"species",45,45,28,20.8624992370605,34.5359992980957,6.25600004196167,336,215,-0.180000007152557,100.870002746582,161.899993896484,185.912719726562
"species",46,46,2,20.0904998779297,33.3840026855469,6.47599983215332,454,251,0.100000001490116,94.9300003051758,143.699996948242,137.373580932617
"species",47,47,5,20.1098327636719,33.5200004577637,6.27199983596802,539,330,0.159999996423721,79.9100036621094,150.589996337891,149.667465209961
"species",48,48,12,19.9790000915527,33.1920013427734,5.94799995422363,585,298,0.0900000035762787,80.4599990844727,147.429992675781,131.253860473633
"species",49,49,36,22.1420001983643,33.5439987182617,9.80399990081787,529,169,-0.159999996423721,74.120002746582,165.490005493164,166.461517333984
"species",50,50,11,23.2024993896484,33.7719993591309,11.532000541687,579,147,-0.180000007152557,84.2399978637695,168.399993896484,169.08122253418
