"species","x","y","alt","wc2.0_bio_2.5m_1","wc2.0_bio_2.5m_5","wc2.0_bio_2.5m_6","wc2.0_bio_2.5m_16","wc2.0_bio_2.5m_17","current_2.5arcmin_climaticMoistureIndex","current_2.5arcmin_PETDriestQuarter","current_2.5arcmin_PETWettestQuarter","Cropped_Cloud"
"species",1,1,733,8.46866703033447,19.6319999694824,-4.18800020217896,919,144,0.589999973773956,135.570007324219,16.8999996185303,161.916549682617
"species",2,2,397,4.43149995803833,24.4599990844727,-21.435998916626,320,62,-0.129999995231628,7.19999980926514,149.419998168945,183.224807739258
"species",3,3,417,4.59999990463257,24.2799987792969,-19.5960006713867,336,83,-0.0599999986588955,8.42000007629395,126.900001525879,186.737548828125
"species",4,4,462,4.06666660308838,23.1760005950928,-19.0960006713867,288,94,-0.0599999986588955,9.26000022888184,147.940002441406,195.668533325195
"species",5,5,209,5.2868332862854,23.0480003356934,-16.1800003051758,261,141,0.0500000007450581,18.6299991607666,79.8199996948242,187.000564575195
"species",6,6,173,5.63250017166138,22.3920001983643,-14.6280002593994,247,127,0.0199999995529652,17.9799995422363,112.949996948242,167.98600769043
"species",7,7,247,4.21649980545044,21.931999206543,-17.6800003051758,279,174,0.100000001490116,15.8400001525879,77.4700012207031,193.216262817383
"species",8,8,445,3.70633339881897,21.576000213623,-18.6119995117188,338,213,0.219999998807907,36.3199996948242,45.9799995422363,202.789916992188
"species",9,9,177,5.00750017166138,23.3159999847412,-17.8239994049072,242,163,0.0199999995529652,17.8400001525879,120.480003356934,184.532730102539
"species",10,10,35,5.97116661071777,24.5279998779297,-16.4559993743896,285,205,0.159999996423721,18.4799995422363,120.430000305176,178.46794128418
"species",11,11,167,4.81233310699463,23.3279991149902,-17.064001083374,294,199,0.189999997615814,19.1499996185303,142.199996948242,187.337905883789
"species",12,12,280,4.31750011444092,20.992000579834,-14.7279996871948,396,290,0.389999985694885,98.7200012207031,13.6999998092651,190.772323608398
"species",13,13,84,5.65766668319702,21.7360000610352,-12.1400003433228,446,291,0.5,111.849998474121,14.6700000762939,203.542373657227
"species",14,14,287,6.84166669845581,25.935998916626,-17.2840003967285,320,82,-0.119999997317791,11.9899997711182,134.940002441406,176.023071289062
"species",15,15,287,7.20483303070068,25.9479999542236,-15.9479999542236,288,96,-0.129999995231628,13.1300001144409,131.330001831055,172.5009765625
"species",16,16,347,7.02783346176147,24.5880012512207,-13.7760000228882,289,153,-0.0599999986588955,24.0100002288818,94.9499969482422,188.001525878906
"species",17,17,186,7.83666658401489,25.7119998931885,-13.5,251,116,-0.159999996423721,14.8100004196167,94.9199981689453,180.957015991211
"species",18,18,391,6.37766647338867,23.1079998016357,-13.6840000152588,282,199,0.159999996423721,39.8300018310547,119.879997253418,188.301330566406
"species",19,19,75,8.35499954223633,22.3039989471436,-7.09200000762939,260,165,-0.0799999982118607,22.5599994659424,119.690002441406,176.305938720703
"species",20,20,134,7.47683334350586,24.6960010528564,-12.7519998550415,338,249,0.209999993443489,44.8499984741211,30.1100006103516,181.026245117188
"species",21,21,491,5.93866682052612,23.3840007781982,-14.4479999542236,307,237,0.25,22.7600002288818,120.779998779297,192.925796508789
"species",22,22,190,7.08233308792114,25.8560009002686,-14.460000038147,281,222,0.119999997317791,26.5900001525879,32.7900009155273,181.45458984375
"species",23,23,51,6.80383348464966,24.488000869751,-13.4160003662109,336,260,0.239999994635582,140.839996337891,28.5699996948242,179
"species",24,24,123,6.44116687774658,22.1760005950928,-10.6759996414185,447,286,0.479999989271164,105.970001220703,16.5,181.828369140625
"species",25,25,56,6.47900009155273,21.7080001831055,-10.2519998550415,432,294,0.479999989271164,103.98999786377,16.6800003051758,181.21403503418
"species",26,26,211,9.86149978637695,28.5440006256104,-12.6440000534058,327,124,-0.0900000035762787,18.2900009155273,156.479995727539,168.386810302734
"species",27,27,195,9.42049980163574,27.9039993286133,-13.1920003890991,303,127,-0.0799999982118607,17.7600002288818,154.279998779297,173.631423950195
"species",28,28,212,9.69066619873047,27.7000007629395,-11.3439998626709,280,159,-0.129999995231628,19.0799999237061,152.039993286133,188.230270385742
"species",29,29,364,9.60299968719482,26.9479999542236,-10.5559997558594,296,193,-0.0399999991059303,21.0400009155273,151.029998779297,190.181564331055
"species",30,30,334,8.58016681671143,25.8999996185303,-11.1160001754761,313,199,0.0299999993294477,19.7299995422363,146.809997558594,192.120254516602
"species",31,31,169,9.78983306884766,27.6240005493164,-9.9040002822876,340,265,0.150000005960464,31.6399993896484,134.979995727539,173
"species",32,32,278,12.4844999313354,30.7119998931885,-7.55599975585938,312,183,-0.140000000596046,31.2000007629395,146.940002441406,137.951507568359
"species",33,33,121,13.1759996414185,31.0240001678467,-7.33599996566772,348,231,-0.0599999986588955,121.540000915527,107.029998779297,161.004272460938
"species",34,34,232,11.8633337020874,29.5559997558594,-7.76399993896484,330,233,0,28.2999992370605,104.370002746582,167.74006652832
"species",35,35,307,11.6628332138062,29.2080001831055,-7.68400001525879,335,256,0,30.4699993133545,164.320007324219,171.624664306641
"species",36,36,22,12.3004999160767,29.6960010528564,-5.87200021743774,303,254,0.0399999991059303,72.6999969482422,138.070007324219,153.917861938477
"species",37,37,2731,4.33300018310547,21.8880004882812,-14.8319997787476,257,109,-0.360000014305115,118.349998474121,129.389999389648,135.051010131836
"species",38,38,385,14.1046667098999,31.7320003509521,-4.42400026321411,355,205,-0.0700000002980232,38.3499984741211,144.220001220703,123.181228637695
"species",39,39,307,13.1511669158936,31.3159999847412,-6.63199996948242,338,231,-0.0799999982118607,35.4900016784668,117.699996948242,128.354888916016
"species",40,40,170,14.2889995574951,31.7799987792969,-4.96799993515015,384,283,0.100000001490116,122.430000305176,114.580001831055,155.324462890625
"species",41,41,172,14.4878330230713,32.1319999694824,-4.5,378,281,0.0500000007450581,126.540000915527,118.480003356934,156.852523803711
"species",42,42,423,13.0031671524048,30.7000007629395,-5.06400012969971,350,263,0.0700000002980232,118.099998474121,162.470001220703,142.889343261719
"species",43,43,440,13.0233335494995,30.2800006866455,-4.80000019073486,346,271,0.0199999995529652,40.310001373291,164.429992675781,141.480255126953
"species",44,44,153,14.6148338317871,32.4280014038086,-3.28399991989136,317,252,-0.0900000035762787,58.4000015258789,167.820007324219,129.986145019531
"species",45,45,19,15.6493339538574,32.7400016784668,-1.37199997901917,377,243,0,58.9000015258789,161.309997558594,138.092193603516
"species",46,46,235,16.3080005645752,33.7119979858398,-1.89199995994568,387,216,-0.0900000035762787,47.7000007629395,152.660003662109,123.064788818359
"species",47,47,247,15.5565004348755,32.939998626709,-2.43200016021729,459,319,0.0900000035762787,164.119995117188,124.430000305176,125.149467468262
"species",48,48,74,16.6140003204346,33.8640022277832,-1.50800001621246,432,277,0.0500000007450581,134.240005493164,96.5699996948242,129.152603149414
"species",49,49,194,16.7609996795654,33.4360008239746,-0.5,374,237,-0.100000001490116,95.9400024414062,67.7200012207031,127.979179382324
"species",50,50,116,17.2115001678467,34.4160003662109,-0.0320000015199184,373,240,-0.119999997317791,69.9199981689453,177.059997558594,146.653686523438
"species",51,51,47,17.0456657409668,33.7999992370605,0.351999998092651,423,229,-0.0700000002980232,68.4199981689453,169.100006103516,136.295059204102
"species",52,52,12,17.1156673431396,33.0839996337891,1.66400003433228,486,276,0.100000001490116,64.120002746582,141.570007324219,133.832107543945
"species",53,53,134,18.0594997406006,33.476001739502,1.79199993610382,460,304,0.0700000002980232,138.75,75.75,122.460075378418
"species",54,54,67,18.445333480835,34.2719993591309,2.16400003433228,448,322,0.0700000002980232,108.790000915527,79.120002746582,130.034194946289
"species",55,55,105,18.3729991912842,33.7000007629395,2.48799991607666,418,284,0.0199999995529652,106.76000213623,78.7099990844727,133.816848754883
"species",56,56,102,18.9851665496826,34.0599975585938,3.19199991226196,390,222,-0.119999997317791,105.230003356934,174.369995117188,143.124206542969
"species",57,57,24,19.3411674499512,34.2999992370605,3.99600005149841,499,216,-0.0900000035762787,77.5100021362305,171.160003662109,137
"species",58,58,6,19.9318332672119,33.7560005187988,5.85599994659424,597,299,0.0900000035762787,80.1699981689453,146.839996337891,132.05110168457
"species",59,59,24,20.1593322753906,34.1639976501465,5.44000005722046,635,211,-0.270000010728836,87.4199981689453,170.679992675781,125.472061157227
"species",60,60,32,20.8646659851074,33.5200004577637,7.32000017166138,531,195,-0.129999995231628,72.9100036621094,168.800003051758,149.727432250977
"species",61,61,1028,22.2861671447754,31.42799949646,12.7720003128052,1419,212,0.469999998807907,138.460006713867,132.800003051758,164.697540283203
"species",62,62,1074,23.8228340148926,31.6240005493164,15.6800003051758,450,10,-0.379999995231628,119.400001525879,143.699996948242,121.314033508301
"species",63,63,879,21.9091663360596,29.496000289917,13.7039995193481,938,222,0.219999998807907,149.509994506836,152.279998779297,163.942001342773
"species",64,64,26,25.7775001525879,32.3839988708496,18.3999996185303,1615,239,0.569999992847443,116.620002746582,122.26000213623,184.875839233398
"species",65,65,21,26.2903327941895,31.6280002593994,20.5400009155273,1065,270,0.509999990463257,126.910003662109,124.779998779297,198.247329711914
"species",66,66,610,24.6276664733887,30.6879997253418,17.8320007324219,873,9,0.159999996423721,131.630004882812,133.550003051758,172.498229980469
"species",67,67,820,23.0358333587646,28.7760009765625,16.6520004272461,944,14,0.0799999982118607,129.929992675781,143.190002441406,131.414825439453
"species",68,68,33,25.6983337402344,30.7000007629395,20.488000869751,1185,182,0.469999998807907,135.949996948242,125.470001220703,205.820297241211
"species",69,69,219,25.0731658935547,29.6280002593994,20.1520004272461,1250,311,0.629999995231628,132.729995727539,123.769996643066,212.074661254883
