"species","x","y","alt","wc2.0_bio_2.5m_1","wc2.0_bio_2.5m_5","wc2.0_bio_2.5m_6","wc2.0_bio_2.5m_16","wc2.0_bio_2.5m_17","current_2.5arcmin_climaticMoistureIndex","current_2.5arcmin_PETDriestQuarter","current_2.5arcmin_PETWettestQuarter","Cropped_Cloud"
"species",1,1,866,5.49483346939087,15.4840002059937,-4.47200012207031,1177,300,0.759999990463257,83.0699996948242,10.460000038147,197.208923339844
"species",2,2,166,8.79749965667725,19.5480003356934,-3.03600001335144,698,114,0.509999990463257,124.559997558594,12.9899997711182,168.510101318359
"species",3,3,60,9.98472213745117,21.0190486907959,-2.48571419715881,688,199,0.509999990463257,128.169998168945,13.7399997711182,187.034378051758
"species",4,4,1860,1.53133344650269,14.4680004119873,-10.5559997558594,375,160,0.140000000596046,95.5899963378906,7.78000020980835,188.122360229492
"species",5,5,109,9.82466697692871,20.3479995727539,-2.39199995994568,1343,219,0.740000009536743,119.129997253418,17.0300006866455,176.353210449219
"species",6,6,150,10.2451667785645,21.7520008087158,-2.55999994277954,509,118,0.180000007152557,136.910003662109,18.5300006866455,170.103698730469
"species",7,7,1370,4.50783348083496,17.7520008087158,-10.3000001907349,577,96,0.439999997615814,117.550003051758,10.3900003433228,156.477874755859
"species",8,8,361,9.62366676330566,18.4600009918213,-0.0280000008642673,1253,141,0.620000004768372,131.809997558594,21.9899997711182,151.538619995117
"species",9,9,431,10.0283336639404,21.6560001373291,-3.2039999961853,884,135,0.550000011920929,130.25,19.9699993133545,149.19514465332
"species",10,10,990,8.18233299255371,23.1000003814697,-9.02799987792969,166,50,-0.579999983310699,144.570007324219,18.7299995422363,113.896217346191
"species",11,11,590,11.6008329391479,25.9759998321533,-4.40399980545044,319,46,-0.490000009536743,184.119995117188,26.2099990844727,98.558235168457
"species",12,12,109,17.1278324127197,34.1800003051758,-0.01999999769032,291,18,-0.600000023841858,204.039993286133,37.4500007629395,64.2631759643555
"species",13,13,1696,8.15583324432373,23.6520004272461,-7.53999996185303,632,41,0.170000001788139,160.699996948242,31.1700000762939,69.3122863769531
"species",14,14,147,14.0531663894653,25.4680004119873,2.2039999961853,219,5,-0.689999997615814,160.410003662109,66.4800033569336,48.187141418457
"species",15,15,1616,10.4373331069946,25.4680004119873,-2.61199998855591,488,21,-0.150000005960464,162.779998779297,47.5,70.3558731079102
"species",16,16,2710,6.39449977874756,21.9839992523193,-6.49200010299683,201,41,-0.5,123.040000915527,27.7099990844727,51.0465698242188
"species",17,17,549,12.49049949646,29.3959999084473,-5.36400032043457,381,299,0.180000007152557,114.550003051758,111.230003356934,154.482559204102
"species",18,18,741,11.2869997024536,28.3479995727539,-6.41599988937378,311,228,-0.00999999977648258,33.5099983215332,154.199996948242,151.254455566406
"species",19,19,531,12.9704999923706,24.423999786377,2.42000007629395,352,7,-0.670000016689301,164.970001220703,65.2200012207031,35.8155517578125
"species",20,20,76,17.712833404541,35.2799987792969,-0.46000000834465,107,3,-0.889999985694885,213.789993286133,69.5500030517578,61.7526893615723
"species",21,21,1426,14.5191659927368,34.7599983215332,-6.27600002288818,133,30,-0.819999992847443,103.5,177.369995117188,60.7069091796875
"species",22,22,177,16.1553325653076,33.9720001220703,-2.42400002479553,383,227,-0.140000000596046,46.8800010681152,128.679992675781,127.239891052246
"species",23,23,82,16.7643337249756,33.8199996948242,-1.27199995517731,378,290,0,134.149993896484,127.180000305176,120.217247009277
"species",24,24,213,15.418999671936,32.7519989013672,-2.5,429,279,0.0799999982118607,130.919998168945,125.360000610352,136.993560791016
"species",25,25,232,14.7178325653076,32.5919990539551,-3.57599997520447,409,296,0.0900000035762787,126.209999084473,58.6500015258789,139.777633666992
"species",26,26,745,12.5423336029053,29.0400009155273,-4.25999975204468,355,294,0.0599999986588955,40.6399993896484,156.690002441406,135.763412475586
"species",27,27,1415,14.2553339004517,29.0240001678467,-0.104000002145767,117,13,-0.689999997615814,132.699996948242,69.3099975585938,30.0295753479004
"species",28,28,1220,15.9429998397827,36.4080009460449,-4.94000005722046,123,21,-0.839999973773956,151.039993286133,183.339996337891,77.0728530883789
"species",29,29,2079,11.8575000762939,28.992000579834,-6.05200004577637,260,49,-0.660000026226044,85.9599990844727,141.210006713867,85.50634765625
"species",30,30,159,16.6614990234375,33.515998840332,-0.84799998998642,439,269,0.0500000007450581,131.979995727539,96.7600021362305,121.619934082031
"species",31,31,63,18.8741664886475,34.4599990844727,2.72399997711182,415,225,-0.100000001490116,107.860000610352,80.6100006103516,134.776016235352
"species",32,32,70,18.8859996795654,34.4720001220703,2.81599998474121,382,197,-0.200000002980232,105.73999786377,176.639999389648,131.733703613281
"species",33,33,1911,11.8066663742065,27.3799991607666,-3.28800010681152,143,15,-0.529999971389771,120.389999389648,60.75,46.1831741333008
"species",34,34,26,19.2145004272461,33.7360000610352,4.19199991226196,525,304,0.129999995231628,76.6699981689453,147.440002441406,146.142654418945
"species",35,35,44,20.2141666412354,34.1399993896484,5.59999990463257,548,192,-0.109999999403954,84.5400009155273,169.800003051758,147.92366027832
"species",36,36,50,22.380500793457,33.5839996337891,10.1280002593994,562,172,-0.189999997615814,88.7300033569336,165.309997558594,164.005844116211
"species",37,37,2175,15.0329999923706,26.3280010223389,2.62800002098083,196,51,-0.600000023841858,99.8399963378906,141.910003662109,96.460578918457
"species",38,38,962,22.1348342895508,32.7039985656738,10.7159996032715,404,51,-0.409999996423721,131.100006103516,162.539993286133,113.709419250488
"species",39,39,2401,15.1141672134399,25.6840000152588,3.70000004768372,259,26,-0.540000021457672,102.139999389648,139.509994506836,102.248504638672
"species",40,40,2339,14.2086668014526,24.6480007171631,2.26399993896484,198,22,-0.709999978542328,97.9899978637695,149.070007324219,111.114799499512
"species",41,41,657,23.2583332061768,30.8120002746582,15.3439998626709,998,116,0.46000000834465,140.199996948242,126.400001525879,190.561584472656
"species",42,42,2163,17.138500213623,24.3920001983643,9.43599987030029,422,21,-0.46000000834465,113.290000915527,136.440002441406,128.338989257812
"species",43,43,2358,14.6028327941895,22.8439998626709,5.48799991607666,549,49,-0.119999997317791,95.8300018310547,119.370002746582,172.707534790039
"species",44,44,1400,19.9260005950928,27.4400005340576,11.8479995727539,1971,406,0.649999976158142,144.029998779297,141.190002441406,199.567764282227
"species",45,45,855,21.7794990539551,27.3239994049072,15.8159999847412,782,117,0.259999990463257,140.149993896484,127.669998168945,205.217712402344
"species",46,46,1410,18.6096668243408,23.4720001220703,13.3479995727539,695,114,0.270000010728836,125.069999694824,110.209999084473,197.214614868164
"species",47,47,1049,20.5521659851074,25.5559997558594,15.0880002975464,761,123,0.280000001192093,134.089996337891,120.459999084473,203.662017822266
"species",48,48,2632,11.227499961853,16.0440006256104,6.2480001449585,1091,68,0.620000004768372,89.1500015258789,87.9199981689453,235.208419799805
"species",49,49,2080,16.7188339233398,21.8759994506836,11.3559999465942,446,79,-0.0500000007450581,116.559997558594,115.269996643066,219.974090576172
"species",50,50,712,23.5473327636719,28.4039993286133,18.2679996490479,885,401,0.379999995231628,134.070007324219,119.970001220703,236.626510620117
"species",51,51,2915,11.6938333511353,17.7240009307861,5.38800001144409,522,294,0.239999994635582,104.940002441406,86.9300003051758,240.037521362305
"species",52,52,1402,19.6165008544922,25.5480003356934,13.3999996185303,648,340,0.419999986886978,134.699996948242,117.129997253418,233.683517456055
