"species","x","y","alt","wc2.0_bio_2.5m_1","wc2.0_bio_2.5m_5","wc2.0_bio_2.5m_6","wc2.0_bio_2.5m_16","wc2.0_bio_2.5m_17","wc2.0_bio_2.5m_12","current_2.5arcmin_climaticMoistureIndex","current_2.5arcmin_PETDriestQuarter","current_2.5arcmin_PETWettestQuarter","IPCCconcert"
"species",1,1,383,15.5981664657593,30.6040000915527,-0.228000000119209,706,38,1440,0.0700000002980232,203.229995727539,36.060001373291,0.497385621070862
"species",2,2,223,10.4558334350586,28.5200004577637,-10.8599996566772,312,159,971,-0.0599999986588955,20.6599998474121,155.679992675781,0.638562083244324
"species",3,3,204,10.96399974823,28.9079990386963,-10.2679996490479,328,177,1034,-0.0399999991059303,22.3500003814697,159.25,0.633333325386047
"species",4,4,232,10.7521667480469,28.6639995574951,-10.2519998550415,324,181,1031,-0.0299999993294477,22.25,159.070007324219,0.639869272708893
"species",5,5,231,11.1231670379639,28.9479999542236,-9.65999984741211,346,194,1090,-0.00999999977648258,23.6000003814697,159.440002441406,0.635947704315186
"species",6,6,298,10.6373329162598,28.4479999542236,-10.0200004577637,337,202,1061,-0.00999999977648258,22.9799995422363,156.220001220703,0.649019598960876
"species",7,7,272,10.7218332290649,28.488000869751,-9.85599994659424,332,205,1058,-0.0399999991059303,23.3999996185303,159.050003051758,0.651633977890015
"species",8,8,220,11.4604997634888,29.2320003509521,-9.03200054168701,347,204,1104,0.00999999977648258,25.0400009155273,158.470001220703,0.635947704315186
"species",9,9,218,11.3835000991821,29.1319999694824,-8.83600044250488,332,209,1093,0,25.3899993896484,157.160003662109,0.639869272708893
"species",10,10,275,11.154333114624,28.6720008850098,-8.77999973297119,321,211,1086,0,25.0799999237061,155.410003662109,0.644117653369904
"species",11,11,205,11.5303335189819,29.5480003356934,-9.00399971008301,318,204,1054,-0.0500000007450581,114.470001220703,158.490005493164,0.644117653369904
"species",12,12,284,11.2379999160767,28.8159999847412,-8.91599941253662,328,209,1082,-0.00999999977648258,25.1700000762939,157.160003662109,0.649019598960876
"species",13,13,299,11.150333404541,28.5960006713867,-8.83199977874756,335,222,1103,-0.0199999995529652,25.2600002288818,161.210006713867,0.651633977890015
"species",14,14,212,11.5530004501343,29.3040008544922,-8.63199996948242,316,216,1060,-0.0500000007450581,25.8400001525879,161.610000610352,0.651633977890015
"species",15,15,233,11.4364995956421,29.011999130249,-8.57600021362305,316,214,1067,-0.0299999993294477,25.3099994659424,100.599998474121,0.653921544551849
"species",16,16,238,11.5423336029053,29.3439998626709,-7.99200010299683,284,188,955,-0.159999996423721,27.6000003814697,160.410003662109,0.647385597229004
"species",17,17,222,12.3803329467773,31.1359996795654,-8.5600004196167,332,125,989,-0.109999999403954,26.7999992370605,160.460006713867,0.590196073055267
"species",18,18,204,12.5520000457764,31.3439998626709,-8.38000011444092,347,138,1028,-0.0900000035762787,26.7099990844727,136.149993896484,0.59509801864624
"species",19,19,221,12.4020004272461,31.1200008392334,-8.5600004196167,342,148,1018,-0.119999997317791,27.0300006866455,159.179992675781,0.59509801864624
"species",20,20,261,12.0788335800171,30.6639995574951,-8.85200023651123,337,156,1018,-0.119999997317791,26.5300006866455,159.270004272461,0.59738564491272
"species",21,21,162,12.3811664581299,30.7439994812012,-8.55599975585938,292,175,972,-0.119999997317791,26.1000003814697,157.720001220703,0.605228781700134
"species",22,22,173,12.3188333511353,30.6760005950928,-8.77999973297119,300,179,979,-0.129999995231628,26.3799991607666,137.399993896484,0.605228781700134
"species",23,23,175,12.0991668701172,29.9200000762939,-8.40799999237061,353,216,1133,0,26.9699993133545,162.009994506836,0.627451002597809
"species",24,24,208,11.7910003662109,29.5559997558594,-8.39199924468994,344,227,1153,0.00999999977648258,27.2999992370605,159.690002441406,0.63496732711792
"species",25,25,234,11.7551670074463,29.2959995269775,-8.02400016784668,342,232,1148,0.00999999977648258,115.220001220703,158.889999389648,0.638562083244324
"species",26,26,175,12.0846662521362,29.8839988708496,-8.18000030517578,336,228,1127,-0.0299999993294477,117.300003051758,161.789993286133,0.638562083244324
"species",27,27,249,11.8748331069946,29.4039993286133,-7.92000007629395,339,233,1141,-0.00999999977648258,27.5699996948242,104.870002746582,0.641830086708069
"species",28,28,258,11.8961668014526,29.3839988708496,-7.79200029373169,340,236,1136,0,27.4400005340576,104.51000213623,0.646732032299042
"species",29,29,211,12.0880002975464,29.7080001831055,-7.55999994277954,327,228,1091,-0.0199999995529652,27.5300006866455,104.099998474121,0.646732032299042
"species",30,30,230,11.8898334503174,29.503999710083,-7.75600004196167,325,225,1100,-0.0199999995529652,27.0400009155273,102.73999786377,0.648692786693573
"species",31,31,246,11.563666343689,29.1520004272461,-8.29599952697754,313,219,1066,-0.0500000007450581,27.8400001525879,104.959999084473,0.65490198135376
"species",32,32,623,10.0303335189819,26.7399997711182,-8.02400016784668,289,194,995,-0.0500000007450581,26.5,150.740005493164,0.633986949920654
"species",33,33,277,12.3158330917358,31.0200004577637,-8.68400001525879,346,132,1036,-0.0900000035762787,27.7800006866455,138.240005493164,0.582352936267853
"species",34,34,254,12.5183334350586,31.1720008850098,-8.10000038146973,338,136,1020,-0.100000001490116,28,139.009994506836,0.58627450466156
"species",35,35,248,12.7510004043579,31.3759994506836,-7.78000020980835,337,137,1005,-0.119999997317791,29.3600006103516,139.470001220703,0.589215695858002
"species",36,36,216,12.747166633606,31.4559993743896,-7.80000019073486,333,148,1007,-0.140000000596046,29.7999992370605,140.110000610352,0.589215695858002
"species",37,37,175,12.7466669082642,31.5200004577637,-7.95599985122681,328,160,1008,-0.159999996423721,29.7000007629395,141.990005493164,0.590196073055267
"species",38,38,177,12.7001667022705,31.3680000305176,-7.89599990844727,319,166,1005,-0.159999996423721,29.9899997711182,144.479995727539,0.592810451984406
"species",39,39,179,12.6558332443237,31.2320003509521,-7.93599987030029,308,166,988,-0.170000001788139,30.1100006103516,146,0.595424830913544
"species",40,40,180,12.6678333282471,30.935998916626,-7.79200029373169,291,179,977,-0.140000000596046,28.7999992370605,163.889999389648,0.597058832645416
"species",41,41,126,12.9133329391479,31.2600002288818,-7.69199991226196,289,184,974,-0.170000001788139,29.3899993896484,163.520004272461,0.600980401039124
"species",42,42,138,12.8036670684814,31.0799999237061,-8.00399971008301,295,184,965,-0.150000005960464,27.6900005340576,138.070007324219,0.600980401039124
"species",43,43,130,12.7886667251587,30.6000003814697,-7.73600006103516,355,220,1147,-0.0299999993294477,28.0300006866455,164.020004272461,0.612091481685638
"species",44,44,160,12.5006666183472,30.2159996032715,-7.83200025558472,357,229,1172,0,28.2600002288818,163.839996337891,0.619281053543091
"species",45,45,182,12.25,29.931999206543,-7.80400037765503,349,240,1176,0.00999999977648258,28.9099998474121,162.539993286133,0.628758192062378
"species",46,46,257,12.0876665115356,29.5880012512207,-7.71199989318848,351,252,1176,0.0299999993294477,116.23999786377,104.449996948242,0.631372570991516
"species",47,47,223,12.3491668701172,29.5960006713867,-7.05200004577637,343,247,1156,0,117.330001831055,105.669998168945,0.631372570991516
"species",48,48,233,12.3559999465942,29.6800003051758,-7.21600008010864,344,252,1174,0.00999999977648258,116.410003662109,106.290000915527,0.640196084976196
"species",49,49,233,12.3801670074463,29.7320003509521,-7.07599973678589,345,253,1167,0,78.75,107.449996948242,0.640196084976196
"species",50,50,256,12.1946668624878,29.6359996795654,-7.31599998474121,337,243,1136,0.00999999977648258,28.8299999237061,104.569999694824,0.640196084976196
"species",51,51,197,12.3028335571289,30.003999710083,-7.32000017166138,327,232,1110,-0.0299999993294477,29.2900009155273,106.169998168945,0.6405228972435
"species",52,52,225,12.0675001144409,29.7880001068115,-7.59999990463257,328,236,1119,0,28.9799995422363,105.160003662109,0.644117653369904
"species",53,53,258,11.8454999923706,29.5200004577637,-7.7519998550415,333,239,1125,0,28.8999996185303,159.490005493164,0.647058844566345
"species",54,54,190,12.0563335418701,29.8880004882812,-7.55599975585938,325,232,1087,-0.0599999986588955,29.9899997711182,163.550003051758,0.647058844566345
"species",55,55,252,11.8061666488647,29.6280002593994,-7.76399993896484,325,228,1077,-0.0599999986588955,78.9100036621094,161.789993286133,0.645098030567169
"species",56,56,1156,7.72200012207031,23.4599990844727,-9.6879997253418,350,283,1256,0.319999992847443,23.4699993133545,131,0.64934641122818
"species",57,57,670,10.2221670150757,26.5960006713867,-7.37599992752075,279,188,961,-0.0900000035762787,28.1900005340576,153.050003051758,0.626470565795898
"species",58,58,222,12.8966665267944,31.2560005187988,-7.27600002288818,350,144,1045,-0.109999999403954,30.7099990844727,143.029998779297,0.578104555606842
"species",59,59,260,12.8678331375122,31.488000869751,-7.37200021743774,344,147,1059,-0.100000001490116,29.8600006103516,142.470001220703,0.578104555606842
"species",60,60,220,13.1478338241577,30.9519996643066,-6.57200002670288,328,151,1033,-0.140000000596046,31.5400009155273,145.240005493164,0.579411745071411
"species",61,61,215,13.1056671142578,31.6919994354248,-7.2039999961853,326,161,1032,-0.150000005960464,32.1699981689453,145.470001220703,0.579411745071411
"species",62,62,242,12.8366670608521,31.3999996185303,-7.51200008392334,327,170,1043,-0.129999995231628,30.9599990844727,142.559997558594,0.58300656080246
"species",63,63,292,12.5871667861938,30.9640007019043,-7.5,322,175,1040,-0.140000000596046,30.6800003051758,143.179992675781,0.584640502929688
"species",64,64,283,12.474666595459,30.7479991912842,-7.6879997253418,313,180,1035,-0.140000000596046,31.0300006866455,147.149993896484,0.588235318660736
"species",65,65,233,12.6704998016357,30.8599987030029,-7.38000011444092,303,186,1019,-0.150000005960464,31.2199993133545,113.690002441406,0.588235318660736
"species",66,66,195,12.8123331069946,31.07200050354,-7.42400026321411,299,192,996,-0.159999996423721,30.6700000762939,112.220001220703,0.591176450252533
"species",67,67,205,12.7901668548584,30.8999996185303,-7.48400020599365,295,196,1024,-0.109999999403954,29.3799991607666,107.75,0.593464076519012
"species",68,68,130,13.1203336715698,31.3239994049072,-7.42000007629395,302,196,1024,-0.129999995231628,29.5200004577637,107.98999786377,0.593464076519012
"species",69,69,148,13.1450004577637,30.8920001983643,-7.3120002746582,357,238,1156,-0.0199999995529652,117.839996337891,105.970001220703,0.607843160629272
"species",70,70,162,13.0133333206177,30.5359992980957,-6.98799991607666,361,239,1170,0,29.0799999237061,107.559997558594,0.607843160629272
"species",71,71,157,12.9218330383301,30.488000869751,-7.2519998550415,349,240,1165,0,29.5300006866455,108.360000610352,0.614379107952118
"species",72,72,218,12.5406665802002,29.7520008087158,-6.96799993515015,350,254,1184,0.0399999991059303,29.4300003051758,106.519996643066,0.619934618473053
"species",73,73,207,12.7386665344238,30.003999710083,-6.68400001525879,341,247,1164,0.0199999995529652,117.01000213623,106.839996337891,0.62614381313324
"species",74,74,140,13.2410001754761,30.7199993133545,-6.06799983978271,336,242,1144,-0.0299999993294477,118.540000915527,108.269996643066,0.62614381313324
"species",75,75,202,12.9123334884644,30.3599987030029,-6.57999992370605,347,252,1191,0,119.300003051758,109.389999389648,0.631372570991516
"species",76,76,249,12.4805002212524,29.9720001220703,-7.12799978256226,355,253,1195,0.00999999977648258,118.870002746582,109.069999694824,0.633333325386047
"species",77,77,234,12.5403337478638,30.1440010070801,-7,340,240,1139,0,79.5,106.76000213623,0.633333325386047
"species",78,78,279,12.3041667938232,29.8519992828369,-7.28399991989136,338,243,1146,0.00999999977648258,78.0599975585938,105.199996948242,0.635620892047882
"species",79,79,263,12.2398328781128,29.8999996185303,-7.31599998474121,339,247,1151,0.0199999995529652,78.9700012207031,160.639999389648,0.637908518314362
"species",80,80,216,12.3240003585815,30.1840000152588,-7.38800001144409,350,248,1158,-0.00999999977648258,80.8899993896484,165.089996337891,0.638562083244324
"species",81,81,348,11.6590003967285,29.2719993591309,-7.46000003814697,354,248,1157,0.00999999977648258,79.5899963378906,161.720001220703,0.638562083244324
"species",82,82,247,12.0908336639404,29.9839992523193,-7.05599975585938,334,234,1096,-0.0700000002980232,82.0500030517578,166.009994506836,0.637581706047058
"species",83,83,1032,8.6473331451416,24.8560009002686,-9.23999977111816,379,300,1318,0.28999999165535,67.7600021362305,138.899993896484,0.6437908411026
"species",84,84,785,9.63483333587646,26.7479991912842,-8.99600028991699,335,271,1193,0.140000000596046,28.1599998474121,149.970001220703,0.627451002597809
"species",85,85,902,9.2814998626709,25.8120002746582,-8.60400009155273,313,251,1136,0.129999995231628,27.2900009155273,145.649993896484,0.610130727291107
"species",86,86,576,10.9858331680298,28.3519992828369,-7.57599973678589,284,206,998,-0.100000001490116,31.0300006866455,158,0.610130727291107
"species",87,87,421,11.8906669616699,29.7759990692139,-6.8120002746582,285,200,988,-0.150000005960464,32.4099998474121,147.320007324219,0.601633965969086
"species",88,88,271,13.1636667251587,31.8880004882812,-7.22399997711182,353,145,1058,-0.119999997317791,32.0800018310547,144.899993896484,0.577124178409576
"species",89,89,295,12.9571666717529,31.4440002441406,-7.34000015258789,339,147,1043,-0.109999999403954,31.4200000762939,142.369995117188,0.578104555606842
"species",90,90,303,13.0071668624878,31.5200004577637,-7.21600008010864,339,155,1064,-0.100000001490116,32,143.320007324219,0.578104555606842
"species",91,91,320,13.0299997329712,31.4160003662109,-7,333,165,1079,-0.109999999403954,33.0900001525879,145,0.579411745071411
"species",92,92,290,13.1676664352417,31.6159992218018,-6.87599992752075,325,181,1077,-0.129999995231628,34.7700004577637,148.75,0.579411745071411
"species",93,93,312,13.0246667861938,31.3880004882812,-6.85200023651123,325,188,1085,-0.109999999403954,32.9300003051758,144.880004882812,0.58300656080246
"species",94,94,318,12.8218336105347,31.1599998474121,-7.11999988555908,321,186,1073,-0.140000000596046,32.7599983215332,147.229995727539,0.584640502929688
"species",95,95,299,12.6564998626709,30.9200000762939,-7.40000009536743,314,189,1057,-0.150000005960464,33.3800010681152,117.419998168945,0.588235318660736
"species",96,96,366,12.2881669998169,29.923999786377,-7.26000022888184,317,197,1067,-0.100000001490116,32.2400016784668,113.690002441406,0.588235318660736
"species",97,97,249,12.6746664047241,30.8439998626709,-7.47200012207031,316,204,1065,-0.100000001490116,31.7700004577637,112.98999786377,0.591176450252533
"species",98,98,181,12.9306669235229,31.0440006256104,-7.34800004959106,312,209,1068,-0.109999999403954,31.2099990844727,111.720001220703,0.593464076519012
"species",99,99,109,13.3594999313354,31.7159996032715,-7.17999982833862,315,215,1079,-0.109999999403954,31.2399997711182,111.98999786377,0.593464076519012
"species",100,100,189,13.1721668243408,31.1240005493164,-6.98000001907349,340,232,1132,-0.0399999991059303,29.8799991607666,107.930000305176,0.597712397575378
"species",101,101,114,13.4576663970947,31.1920013427734,-6.92000007629395,353,231,1142,-0.0500000007450581,122.26000213623,109.190002441406,0.599673211574554
"species",102,102,109,13.6105003356934,31.2360000610352,-6.31599998474121,354,226,1142,-0.0399999991059303,121.160003662109,109.089996337891,0.601960778236389
"species",103,103,107,13.7165002822876,31.3559989929199,-6.32800006866455,356,236,1153,-0.0399999991059303,120.639999389648,110.040000915527,0.607843160629272
"species",104,104,114,13.5524997711182,31.1800003051758,-6.43200016021729,357,257,1182,-0.0299999993294477,120.26000213623,110.089996337891,0.607843160629272
"species",105,105,135,13.3261671066284,30.8799991607666,-6.53200006484985,358,264,1205,0.00999999977648258,119.349998474121,109.610000610352,0.614379107952118
"species",106,106,175,13.0659999847412,30.4759998321533,-6.48000001907349,352,258,1206,0.0399999991059303,117.809997558594,109.01000213623,0.619934618473053
"species",107,107,212,13.0316667556763,30.3239994049072,-6.48799991607666,340,249,1191,0.0399999991059303,117.449996948242,108.199996948242,0.62614381313324
"species",108,108,190,13.3830003738403,30.6399993896484,-5.83599996566772,341,247,1192,0.0199999995529652,118.870002746582,110.639999389648,0.62614381313324
"species",109,109,214,13.265832901001,30.5960006713867,-6.10400009155273,362,258,1242,0.0299999993294477,121.209999084473,112.309997558594,0.631372570991516
"species",110,110,233,13.0163335800171,30.3479995727539,-6.18400001525879,354,261,1220,0.0299999993294477,120.26000213623,164.710006713867,0.633333325386047
"species",111,111,238,13.0419998168945,30.5,-6.16400003433228,345,252,1181,0.0299999993294477,80.8499984741211,161.339996337891,0.633333325386047
"species",112,112,247,12.8725004196167,30.4440002441406,-6.32800006866455,341,250,1164,0.0199999995529652,79.8600006103516,159.660003662109,0.635620892047882
"species",113,113,217,12.7495002746582,30.5359992980957,-6.57999992370605,339,253,1167,0.00999999977648258,81.3499984741211,162.990005493164,0.637908518314362
"species",114,114,305,12.1713333129883,29.7999992370605,-6.71600008010864,356,263,1200,0.0399999991059303,81.5199966430664,164.110000610352,0.638562083244324
"species",115,115,830,9.88533306121826,26.3959999084473,-8.06400012969971,336,248,1141,0.100000001490116,27.8899993896484,143.199996948242,0.648366034030914
"species",116,116,703,10.4736661911011,27.8120002746582,-8.29199981689453,310,232,1062,-0.0500000007450581,75.8600006103516,154.330001831055,0.6437908411026
"species",117,117,614,10.9618330001831,27.9160003662109,-7.28000020980835,294,223,1035,-0.0900000035762787,31.1100006103516,160.740005493164,0.627451002597809
"species",118,118,398,12.2148332595825,29.5240001678467,-6.19999980926514,286,209,992,-0.150000005960464,33.7299995422363,167.279998779297,0.610130727291107
"species",119,119,467,11.9378337860107,29.4519996643066,-6.44400024414062,299,225,1056,-0.0700000002980232,33.189998626709,159.770004272461,0.610130727291107
"species",120,120,292,13.5638332366943,32.1679992675781,-6.69999980926514,378,157,1147,-0.0799999982118607,32.9900016784668,142.580001831055,0.56633985042572
"species",121,121,304,13.3769998550415,31.923999786377,-6.80000019073486,376,167,1169,-0.0799999982118607,33.1100006103516,142.320007324219,0.573856234550476
"species",122,122,280,13.356333732605,31.496000289917,-6.35200023651123,358,165,1109,-0.109999999403954,33.5299987792969,144.229995727539,0.573856234550476
"species",123,123,325,13.1184997558594,31.5839996337891,-7.05599975585938,349,167,1093,-0.100000001490116,33,142.919998168945,0.573202610015869
"species",124,124,376,12.9838333129883,31.1760005950928,-6.80000019073486,341,171,1090,-0.0799999982118607,32.6399993896484,141.809997558594,0.572222232818604
"species",125,125,382,12.9901666641235,31.2080001831055,-6.91200017929077,332,172,1081,-0.100000001490116,32.4099998474121,142.630004882812,0.569934666156769
"species",126,126,375,12.9673337936401,31.1720008850098,-6.87200021743774,327,188,1093,-0.100000001490116,33.4099998474121,144.970001220703,0.569934666156769
"species",127,127,334,13.0015001296997,31.3400001525879,-7.02799987792969,322,194,1084,-0.100000001490116,32.9099998474121,145.199996948242,0.570261418819427
"species",128,128,398,12.698166847229,30.7600002288818,-7.02799987792969,323,194,1084,-0.100000001490116,33.189998626709,113.230003356934,0.575490176677704
"species",129,129,363,12.6948337554932,30.7399997711182,-6.94799995422363,324,201,1087,-0.119999997317791,34.6599998474121,116.76000213623,0.578758180141449
"species",130,130,312,12.6890001296997,30.8600006103516,-7.11599969863892,328,213,1104,-0.0900000035762787,34.2200012207031,117.220001220703,0.578758180141449
"species",131,131,332,12.4145002365112,30.1280002593994,-7.23199987411499,333,225,1117,-0.0599999986588955,32.5400009155273,113.709999084473,0.581372559070587
"species",132,132,259,12.7081670761108,30.7840003967285,-7.46799993515015,338,234,1133,-0.0500000007450581,31.75,111.849998474121,0.586928129196167
"species",133,133,170,13.2616662979126,31.5,-7.25600004196167,342,243,1151,-0.0500000007450581,31.8799991607666,112.269996643066,0.586928129196167
"species",134,134,135,13.6464996337891,31.5839996337891,-6.3120002746582,356,257,1177,-0.00999999977648258,121.360000610352,110.629997253418,0.591503262519836
"species",135,135,157,13.5453338623047,31.3479995727539,-6.54400014877319,364,255,1194,0.0199999995529652,119.480003356934,108.389999389648,0.596405208110809
"species",136,136,196,13.4231662750244,30.7479991912842,-6.19999980926514,366,252,1208,0.0299999993294477,118.800003051758,108.040000915527,0.598366022109985
"species",137,137,161,13.6056661605835,31.0279998779297,-6.02799987792969,368,245,1212,0.0199999995529652,119.809997558594,110.519996643066,0.598366022109985
"species",138,138,117,13.8986663818359,31.4160003662109,-5.61199998855591,358,239,1190,-0.00999999977648258,121.269996643066,111.769996643066,0.599346399307251
"species",139,139,145,13.8218336105347,31.2639999389648,-5.76399993896484,363,248,1197,0,121.230003356934,112.169998168945,0.605228781700134
"species",140,140,116,13.8191661834717,31.4079990386963,-6.07599973678589,359,246,1179,-0.0199999995529652,121.669998168945,112.709999084473,0.605228781700134
"species",141,141,159,13.470666885376,30.8840007781982,-6.08400011062622,355,262,1224,0.0199999995529652,120.51000213623,112.050003051758,0.608169913291931
"species",142,142,168,13.2734994888306,30.6919994354248,-6.33200025558472,353,259,1234,0.0599999986588955,119.720001220703,111.790000915527,0.614379107952118
"species",143,143,213,13.2443332672119,30.57200050354,-6.2960000038147,355,266,1260,0.0700000002980232,119.040000915527,111.430000305176,0.619607865810394
"species",144,144,233,13.3941669464111,30.5599994659424,-5.96400022506714,364,271,1282,0.0700000002980232,119.529998779297,112.699996948242,0.619607865810394
"species",145,145,251,13.3316669464111,30.6079998016357,-5.53999996185303,371,279,1305,0.0799999982118607,120.580001831055,113.23999786377,0.624836623668671
"species",146,146,264,13.1311664581299,30.4799995422363,-5.70799970626831,367,282,1299,0.0799999982118607,120.019996643066,163.449996948242,0.627777755260468
"species",147,147,311,12.97350025177,30.2479991912842,-6.05999994277954,358,278,1268,0.0900000035762787,116.51000213623,159.009994506836,0.627777755260468
"species",148,148,348,12.7141666412354,30.0799999237061,-5.82000017166138,351,276,1225,0.0799999982118607,114.440002441406,157.630004882812,0.628431379795074
"species",149,149,391,12.1794996261597,29.6000003814697,-6.37599992752075,350,272,1216,0.0799999982118607,113.76000213623,157.580001831055,0.633660137653351
"species",150,150,769,10.7103328704834,27.2360000610352,-7.08400011062622,305,226,1032,-0.0399999991059303,46.3899993896484,148.169998168945,0.629084944725037
"species",151,151,540,11.6076669692993,29.1319999694824,-6.92400026321411,285,203,962,-0.180000007152557,33.4300003051758,159.089996337891,0.629084944725037
"species",152,152,853,10.1066665649414,26.503999710083,-7.48799991607666,294,220,1031,-0.0299999993294477,29.5200004577637,149.449996948242,0.624509811401367
"species",153,153,499,12.0063333511353,29.1000003814697,-6.08400011062622,282,208,998,-0.150000005960464,33.2099990844727,163.440002441406,0.60065358877182
"species",154,154,292,13.1491670608521,30.931999206543,-5.34000015258789,289,214,1015,-0.159999996423721,35.3800010681152,167.520004272461,0.581045746803284
"species",155,155,277,14.043833732605,32.576000213623,-5.89599990844727,367,147,1105,-0.109999999403954,34.75,142.949996948242,0.561764717102051
"species",156,156,300,13.8251667022705,32.2000007629395,-5.93200016021729,361,167,1126,-0.0900000035762787,34.7299995422363,141.690002441406,0.564705908298492
"species",157,157,323,13.513500213623,31.8880004882812,-6.40000009536743,362,171,1133,-0.0900000035762787,34.3800010681152,142.070007324219,0.56633985042572
"species",158,158,399,13.0113334655762,31.2439994812012,-6.90000009536743,353,170,1115,-0.0599999986588955,33.0699996948242,138.410003662109,0.56633985042572
"species",159,159,375,13.150333404541,31.4200000762939,-6.7480001449585,345,183,1119,-0.0799999982118607,33.9099998474121,140.869995117188,0.563398718833923
"species",160,160,433,12.9678335189819,30.988000869751,-6.53599977493286,337,183,1112,-0.0500000007450581,33.1100006103516,139.130004882812,0.557843148708344
"species",161,161,457,12.8288335800171,30.7719993591309,-6.52400016784668,334,185,1100,-0.0799999982118607,33.4000015258789,143.330001831055,0.553267955780029
"species",162,162,436,12.7959995269775,30.8320007324219,-6.83200025558472,334,202,1125,-0.0799999982118607,33.5499992370605,142.130004882812,0.553267955780029
"species",163,163,409,12.8101663589478,30.8999996185303,-6.98400020599365,333,204,1094,-0.0799999982118607,33.75,112.180000305176,0.558823525905609
"species",164,164,353,13.0196666717529,31.1960010528564,-6.76800012588501,335,206,1096,-0.100000001490116,34.5900001525879,115.23999786377,0.564052283763885
"species",165,165,276,13.1978330612183,31.3840007781982,-6.53599977493286,333,227,1125,-0.100000001490116,35.7900009155273,119.120002746582,0.567973852157593
"species",166,166,231,13.2073335647583,31.7000007629395,-7.05200004577637,334,245,1134,-0.0900000035762787,35.2200012207031,119.120002746582,0.567973852157593
"species",167,167,177,13.3768329620361,31.935998916626,-7.08400011062622,342,256,1153,-0.0700000002980232,34.4099998474121,117.629997253418,0.573529422283173
"species",168,168,158,13.4171667098999,31.8599987030029,-6.90000009536743,363,266,1203,-0.0299999993294477,124.720001220703,113.98999786377,0.58071893453598
"species",169,169,104,13.7881669998169,32.2560005187988,-6.71999979019165,367,263,1206,-0.0199999995529652,124.360000610352,112.910003662109,0.58071893453598
"species",170,170,102,14.2515001296997,31.9519996643066,-5.51999998092651,368,261,1236,0.0299999993294477,121.690002441406,111.339996337891,0.59509801864624
"species",171,171,136,14.2271671295166,31.6960010528564,-5.35200023651123,368,256,1257,0.0399999991059303,121.300003051758,113.129997253418,0.600980401039124
"species",172,172,143,14.0976667404175,31.5559997558594,-5.26399993896484,364,254,1238,0.0199999995529652,121.879997253418,113.870002746582,0.600326776504517
"species",173,173,138,13.9455003738403,31.4519996643066,-5.53999996185303,360,261,1248,0.0199999995529652,123.080001831055,114.75,0.600326776504517
"species",174,174,137,13.765832901001,31.3400001525879,-5.71199989318848,353,262,1248,0.0299999993294477,121.569999694824,114.199996948242,0.605882346630096
"species",175,175,167,13.6849994659424,31.1800003051758,-5.76000022888184,358,257,1263,0.0599999986588955,121.019996643066,113.580001831055,0.610457539558411
"species",176,176,210,13.6455001831055,30.935998916626,-5.57200002670288,368,269,1302,0.0799999982118607,120.440002441406,114.459999084473,0.615686297416687
"species",177,177,210,13.7959995269775,31.0839996337891,-5.46799993515015,374,276,1323,0.0799999982118607,120.790000915527,166.940002441406,0.615686297416687
"species",178,178,222,13.7203330993652,31.0480003356934,-5.21199989318848,376,286,1337,0.0799999982118607,122.019996643066,166.970001220703,0.620261430740356
"species",179,179,298,13.3413333892822,30.564001083374,-5.2519998550415,373,292,1341,0.109999999403954,119.050003051758,162.740005493164,0.624509811401367
"species",180,180,317,13.201000213623,30.4160003662109,-5.34800004959106,363,289,1309,0.100000001490116,117.769996643066,160.919998168945,0.624509811401367
"species",181,181,326,13.0278329849243,30.4599990844727,-5.50400018692017,350,277,1249,0.0799999982118607,117.110000610352,161.050003051758,0.622875809669495
"species",182,182,581,11.9836664199829,29.0919990539551,-5.80000019073486,332,254,1152,0.00999999977648258,51.0499992370605,158.270004272461,0.619607865810394
"species",183,183,779,10.9958333969116,27.5,-6.34000015258789,337,255,1155,0.0599999986588955,48.5800018310547,151.25,0.62058824300766
"species",184,184,791,10.8403329849243,27.4039993286133,-6.64799976348877,320,239,1091,-0.00999999977648258,48.6399993896484,151.389999389648,0.624836623668671
"species",185,185,792,10.8144998550415,27.3400001525879,-6.61999988555908,292,213,991,-0.0900000035762787,33.1500015258789,153.220001220703,0.616339862346649
"species",186,186,736,11.0901670455933,27.9720001220703,-6.61199998855591,282,201,962,-0.119999997317791,33.439998626709,154.270004272461,0.616339862346649
"species",187,187,624,11.5408334732056,28.9440002441406,-6.62799978256226,286,208,1011,-0.109999999403954,33.189998626709,157.539993286133,0.607843160629272
"species",188,188,229,14.6738338470459,33.2760009765625,-5.19199991226196,340,150,1073,-0.150000005960464,37.25,148.050003051758,0.561764717102051
"species",189,189,248,14.5053339004517,32.984001159668,-5.1879997253418,347,163,1112,-0.129999995231628,38.1699981689453,148.279998779297,0.561764717102051
"species",190,190,335,13.8808336257935,31.9039993286133,-5.5,360,178,1145,-0.0900000035762787,37.0900001525879,144.710006713867,0.564705908298492
"species",191,191,387,13.4949998855591,31.6240005493164,-6.10400009155273,357,180,1131,-0.0700000002980232,35.4500007629395,141.75,0.56633985042572
"species",192,192,435,13.1443338394165,31.1440010070801,-6.33599996566772,352,185,1112,-0.0500000007450581,34.6599998474121,140.610000610352,0.56633985042572
"species",193,193,385,13.3171663284302,31.3759994506836,-6,339,190,1106,-0.0799999982118607,35.9799995422363,144.279998779297,0.563398718833923
"species",194,194,275,13.7591667175293,32.1160011291504,-5.91599988937378,329,190,1085,-0.140000000596046,37,150.660003662109,0.557843148708344
"species",195,195,315,13.6106662750244,31.931999206543,-5.9040002822876,320,193,1069,-0.150000005960464,37.5099983215332,150.899993896484,0.553267955780029
"species",196,196,275,13.6704998016357,32.1279983520508,-6.04400014877319,327,207,1085,-0.150000005960464,37.3600006103516,119.48999786377,0.553267955780029
"species",197,197,339,13.2921667098999,31.5960006713867,-6.30400037765503,340,225,1122,-0.109999999403954,35.7099990844727,116.319999694824,0.558823525905609
"species",198,198,269,13.4835004806519,31.9440002441406,-6.42799997329712,338,235,1134,-0.100000001490116,36.2099990844727,118.169998168945,0.564052283763885
"species",199,199,233,13.5668334960938,31.8199996948242,-6.34000015258789,347,253,1168,-0.0799999982118607,36.4700012207031,119.040000915527,0.567973852157593
"species",200,200,191,13.7248334884644,32.1279983520508,-6.30000019073486,359,269,1201,-0.0599999986588955,128.809997558594,119.160003662109,0.567973852157593
"species",201,201,124,14.063666343689,32.7120018005371,-6.27600002288818,361,260,1190,-0.0399999991059303,126.319999694824,116.589996337891,0.573529422283173
"species",202,202,160,14.2290000915527,31.8640003204346,-4.7519998550415,371,272,1301,0.0700000002980232,121.099998474121,113.629997253418,0.600980401039124
"species",203,203,158,14.114333152771,31.6720008850098,-5.44799995422363,366,263,1279,0.0399999991059303,121.949996948242,114.150001525879,0.600326776504517
"species",204,204,172,13.9548330307007,31.6200008392334,-5.59999990463257,368,262,1286,0.0299999993294477,124.01000213623,115.680000305176,0.600326776504517
"species",205,205,184,13.897665977478,31.6639995574951,-5.59999990463257,374,262,1300,0.0599999986588955,122.970001220703,114.480003356934,0.605882346630096
"species",206,206,200,13.97350025177,31.4440002441406,-5.32800006866455,370,255,1287,0.0599999986588955,121.379997253418,113.379997253418,0.610457539558411
"species",207,207,219,14.09850025177,31.3880004882812,-4.80400037765503,374,272,1327,0.0900000035762787,120.690002441406,114.580001831055,0.615686297416687
"species",208,208,248,13.989333152771,31.1959991455078,-4.8600001335144,372,282,1343,0.100000001490116,120.830001831055,165.800003051758,0.615686297416687
"species",209,209,197,14.140832901001,31.6119995117188,-4.63199996948242,362,281,1321,0.0700000002980232,123.339996337891,167.720001220703,0.620261430740356
"species",210,210,288,13.6691665649414,30.9799995422363,-4.76000022888184,364,283,1330,0.100000001490116,120.309997558594,163.690002441406,0.624509811401367
"species",211,211,349,13.2136669158936,30.4799995422363,-4.87200021743774,361,288,1318,0.100000001490116,118.029998779297,160.740005493164,0.624509811401367
"species",212,212,361,13.0426664352417,30.5559997558594,-5.34400033950806,356,286,1292,0.0799999982118607,118.769996643066,163.380004882812,0.622875809669495
"species",213,213,517,12.3466672897339,29.7439994812012,-5.7519998550415,338,259,1206,0.0500000007450581,81.620002746582,159.649993896484,0.621568620204926
"species",214,214,441,12.8801670074463,30.4720001220703,-5.39200019836426,317,240,1109,-0.0700000002980232,83.8899993896484,163.699996948242,0.619607865810394
"species",215,215,688,11.7925004959106,28.6040000915527,-5.78800010681152,329,247,1137,0.0299999993294477,51.0699996948242,154.089996337891,0.62058824300766
"species",216,216,667,11.7786664962769,28.8920001983643,-6.10799980163574,331,249,1136,0.00999999977648258,51.8300018310547,156.270004272461,0.62058824300766
"species",217,217,877,10.5778331756592,26.9440002441406,-6.44799995422363,334,254,1163,0.0799999982118607,33.5200004577637,148.119995117188,0.624836623668671
"species",218,218,984,10.0345001220703,25.8280010223389,-6.42400026321411,321,242,1132,0.0900000035762787,31.2000007629395,144.990005493164,0.616339862346649
"species",219,219,233,15.0061664581299,33.5,-4.47599983215332,346,155,1064,-0.180000007152557,38.560001373291,147.5,0.552287578582764
"species",220,220,199,15.1595001220703,33.5040016174316,-4.26000022888184,346,158,1079,-0.150000005960464,39.2200012207031,148.089996337891,0.559150338172913
"species",221,221,305,14.6540002822876,32.484001159668,-4.32000017166138,353,170,1122,-0.100000001490116,39.1500015258789,145.820007324219,0.559150338172913
"species",222,222,373,14.0886669158936,31.9440002441406,-4.92799997329712,361,184,1153,-0.0799999982118607,38.2000007629395,145,0.563398718833923
"species",223,223,396,13.8093338012695,31.8400001525879,-5.33599996566772,357,194,1152,-0.0599999986588955,36.8499984741211,142.100006103516,0.560457527637482
"species",224,224,380,13.8669996261597,31.4640007019043,-5.06799983978271,345,207,1144,-0.0900000035762787,38.0400009155273,146.199996948242,0.560457527637482
"species",225,225,371,13.8166666030884,31.9200000762939,-5.58400011062622,342,201,1111,-0.0900000035762787,37.8199996948242,146.100006103516,0.553594768047333
"species",226,226,268,14.1773328781128,32.515998840332,-5.30000019073486,339,205,1104,-0.140000000596046,39.1300010681152,152.220001220703,0.544117629528046
"species",227,227,216,14.3275003433228,31.7320003509521,-4.05600023269653,328,213,1091,-0.170000001788139,39.9900016784668,123.459999084473,0.541503250598907
"species",228,228,214,14.212833404541,32.1599998474121,-4.67199993133545,335,225,1102,-0.140000000596046,38.9099998474121,121.050003051758,0.541503250598907
"species",229,229,287,13.7839994430542,32.1279983520508,-5.80000019073486,346,238,1143,-0.100000001490116,37.6599998474121,118.900001525879,0.542810440063477
"species",230,230,188,14.1001663208008,32.7200012207031,-5.90000009536743,333,246,1142,-0.109999999403954,38.1699981689453,120.809997558594,0.549673199653625
"species",231,231,174,14.1923332214355,32.492000579834,-5.7039999961853,351,257,1188,-0.0700000002980232,180,119.339996337891,0.555555582046509
"species",232,232,136,14.4103336334229,32.7760009765625,-5.6879997253418,367,259,1226,-0.0500000007450581,129.360000610352,117.910003662109,0.555555582046509
"species",233,233,149,14.2588338851929,31.3159999847412,-4.05200004577637,378,278,1340,0.0799999982118607,123.540000915527,117.180000305176,0.59738564491272
"species",234,234,164,14.1324996948242,32.1720008850098,-5.01599979400635,378,270,1326,0.0399999991059303,125.099998474121,118.690002441406,0.602287590503693
"species",235,235,166,14.0758333206177,31.9440002441406,-5.14400005340576,372,261,1302,0.00999999977648258,127.73999786377,120.370002746582,0.602287590503693
"species",236,236,217,13.923999786377,31.57200050354,-5.10799980163574,369,256,1284,0.0399999991059303,123.779998779297,115.779998779297,0.599673211574554
"species",237,237,196,14.2323331832886,31.9039993286133,-4.75600004196167,369,257,1282,0.0399999991059303,122.930000305176,114.769996643066,0.607516348361969
"species",238,238,185,14.4283332824707,32.0039978027344,-4.49200010299683,378,281,1348,0.0700000002980232,124.819999694824,117.959999084473,0.61176472902298
"species",239,239,299,13.9956665039062,31.3040008544922,-4.27200031280518,386,297,1402,0.129999995231628,122.48999786377,116.709999084473,0.61176472902298
"species",240,240,298,13.9241666793823,31.2280006408691,-4.25600004196167,378,288,1377,0.109999999403954,122.800003051758,116.669998168945,0.616013050079346
"species",241,241,282,13.8913335800171,31.2320003509521,-4.49599981307983,368,281,1346,0.0900000035762787,121.589996337891,116.559997558594,0.622548997402191
"species",242,242,460,12.9196662902832,29.9799995422363,-5.19599962234497,380,296,1376,0.150000005960464,115.269996643066,111.669998168945,0.622548997402191
"species",243,243,465,12.7331666946411,29.9839992523193,-5.38400030136108,370,295,1342,0.140000000596046,116.849998474121,113.98999786377,0.620915055274963
"species",244,244,546,12.3745002746582,29.6599998474121,-5.48000001907349,364,288,1317,0.150000005960464,115.029998779297,159.360000610352,0.614705860614777
"species",245,245,475,12.5480003356934,30.2000007629395,-5.7480001449585,357,273,1284,0.0900000035762787,117.5,162.669998168945,0.608169913291931
"species",246,246,432,12.7893333435059,30.568000793457,-5.47599983215332,342,254,1218,0.0199999995529652,84.3499984741211,164.050003051758,0.608169913291931
"species",247,247,410,13.051833152771,30.7520008087158,-5.21999979019165,319,240,1143,-0.0500000007450581,85.2799987792969,165.089996337891,0.608169913291931
"species",248,248,468,13.0251665115356,30.6280002593994,-5.21199989318848,320,235,1108,-0.0700000002980232,84.4199981689453,163.300003051758,0.611111104488373
"species",249,249,489,12.9463338851929,30.4479999542236,-5.03999996185303,323,237,1107,-0.0599999986588955,84.4700012207031,162.029998779297,0.614052295684814
"species",250,250,832,11.1630001068115,27.5799999237061,-6.03999996185303,342,264,1205,0.129999995231628,35.4099998474121,149.589996337891,0.614052295684814
"species",251,251,170,15.5288333892822,34.0200004577637,-4.06400012969971,355,165,1073,-0.189999997615814,40.7200012207031,149,0.550980389118195
"species",252,252,240,15.2788333892822,33.2080001831055,-3.60799980163574,359,178,1121,-0.129999995231628,40.5800018310547,147.419998168945,0.559150338172913
"species",253,253,292,15.0408334732056,32.7919998168945,-3.68799996376038,365,184,1153,-0.0900000035762787,40.6599998474121,146.770004272461,0.559150338172913
"species",254,254,341,14.6363334655762,32.5320014953613,-4.33599996566772,363,197,1175,-0.0700000002980232,39.6199989318848,145.119995117188,0.560130715370178
"species",255,255,420,14.1348333358765,31.7800006866455,-4.23999977111816,369,205,1192,-0.0599999986588955,38.6699981689453,142.490005493164,0.553594768047333
"species",256,256,496,13.831000328064,31.3120002746582,-4.45599985122681,362,219,1189,-0.0199999995529652,38.060001373291,141.330001831055,0.553594768047333
"species",257,257,603,13.2756662368774,30.507999420166,-4.5,369,224,1192,0.0299999993294477,36.5400009155273,108.349998474121,0.543464064598083
"species",258,258,384,14.121166229248,31.9799995422363,-4.4520001411438,361,224,1166,-0.0599999986588955,39.3300018310547,116.480003356934,0.535947740077972
"species",259,259,274,14.4495000839233,32.5639991760254,-4.67999982833862,347,228,1125,-0.129999995231628,41.0200004577637,122.349998474121,0.523529410362244
"species",260,260,308,14.21399974823,31.9479999542236,-4.58400011062622,358,248,1173,-0.0700000002980232,38.9300003051758,119.019996643066,0.523529410362244
"species",261,261,176,14.6975002288818,32.8400001525879,-4.68400001525879,352,255,1168,-0.109999999403954,40.4500007629395,123.930000305176,0.527450978755951
"species",262,262,154,14.8421669006348,33.0999984741211,-4.84800004959106,356,254,1180,-0.109999999403954,185.860000610352,125.040000915527,0.535947740077972
"species",263,263,115,15.0756664276123,33.3360023498535,-4.78000020980835,362,247,1201,-0.0700000002980232,181.699996948242,120.980003356934,0.551634013652802
"species",264,264,79,15.3218336105347,33.4280014038086,-4.09200000762939,374,242,1217,-0.0500000007450581,176.570007324219,117.360000610352,0.551634013652802
"species",265,265,132,14.3979997634888,32.5719985961914,-4.67999982833862,396,276,1370,0.0700000002980232,128,121.51000213623,0.594771265983582
"species",266,266,218,14.0136661529541,32.0999984741211,-4.98799991607666,405,275,1389,0.0700000002980232,127.73999786377,122.339996337891,0.600326776504517
"species",267,267,234,13.9768333435059,31.9160003662109,-4.88000011444092,394,272,1360,0.0500000007450581,128.210006713867,122.01000213623,0.600326776504517
"species",268,268,184,14.2880001068115,32.2080001831055,-4.2960000038147,375,264,1296,0.00999999977648258,127.190002441406,119.98999786377,0.60065358877182
"species",269,269,151,14.6208333969116,31.8719997406006,-3.31200003623962,372,267,1293,-0.0299999993294477,125.930000305176,117.930000305176,0.605228781700134
"species",270,270,296,14.0085000991821,31.4599990844727,-4.29200029373169,398,297,1406,0.119999997317791,123.930000305176,116.309997558594,0.610130727291107
"species",271,271,226,14.2518329620361,31.5440006256104,-3.7720000743866,393,293,1397,0.0900000035762787,126.480003356934,119.540000915527,0.610130727291107
"species",272,272,310,13.9558334350586,31.2840003967285,-4.35599994659424,399,291,1417,0.119999997317791,123.830001831055,117.379997253418,0.617973864078522
"species",273,273,592,12.6549997329712,29.3199996948242,-4.98799991607666,424,304,1512,0.239999994635582,113.209999084473,106.440002441406,0.616013050079346
"species",274,274,468,13.1236667633057,30.3439998626709,-5.07200002670288,399,296,1438,0.180000007152557,116.849998474121,112.480003356934,0.616013050079346
"species",275,275,474,12.9978332519531,30.3360004425049,-4.90399980545044,367,283,1336,0.170000001788139,116.629997253418,113.73999786377,0.615686297416687
"species",276,276,294,13.8171663284302,31.8080005645752,-4.60400009155273,332,253,1194,0.0700000002980232,119.419998168945,53.8600006103516,0.61176472902298
"species",277,277,285,13.8028335571289,31.8959999084473,-4.9040002822876,339,246,1203,-0.00999999977648258,120.849998474121,165.410003662109,0.6094771027565
"species",278,278,322,13.6560001373291,31.6280002593994,-4.72399997711182,332,232,1162,-0.0700000002980232,87.629997253418,168.25,0.6094771027565
"species",279,279,381,13.4940004348755,31.2840003967285,-4.76800012588501,320,225,1106,-0.100000001490116,87.120002746582,166.779998779297,0.612418293952942
"species",280,280,1156,9.98600006103516,24.7800006866455,-5.37200021743774,373,293,1344,0.25,47.7999992370605,139.320007324219,0.606862723827362
"species",281,281,192,15.7038335800171,33.9959983825684,-3.79999995231628,347,166,1066,-0.189999997615814,42.1800003051758,149.949996948242,0.552287578582764
"species",282,282,188,15.7458333969116,33.8600006103516,-3.37199997901917,364,187,1137,-0.150000005960464,42.5699996948242,150.880004882812,0.558169960975647
"species",283,283,319,15.1691665649414,32.6559982299805,-3.06399989128113,374,181,1155,-0.0900000035762787,41.3300018310547,146.509994506836,0.558169960975647
"species",284,284,329,14.9798336029053,32.5480003356934,-3.3199999332428,380,216,1218,-0.0500000007450581,41.2099990844727,118.389999389648,0.558496713638306
"species",285,285,384,14.6123332977295,32.0400009155273,-3.35599994659424,394,233,1257,-0.0500000007450581,41.060001373291,117.970001220703,0.543464064598083
"species",286,286,322,14.7778329849243,32.6160011291504,-3.70000004768372,372,234,1210,-0.0799999982118607,41.2099990844727,118.819999694824,0.543464064598083
"species",287,287,418,14.3024997711182,31.8839988708496,-3.8600001335144,375,242,1211,-0.0299999993294477,39.8899993896484,116.019996643066,0.528431355953217
"species",288,288,487,13.992166519165,31.3959999084473,-3.90400004386902,378,248,1221,0.00999999977648258,39.1699981689453,114.959999084473,0.510784327983856
"species",289,289,412,14.2325000762939,31.8120002746582,-4.03599977493286,380,255,1225,-0.00999999977648258,39.4500007629395,116.709999084473,0.505228757858276
"species",290,290,267,14.760666847229,32.6279983520508,-3.94400000572205,390,269,1272,-0.00999999977648258,176.199996948242,119.879997253418,0.505228757858276
"species",291,291,297,14.6678333282471,32.3359985351562,-4.01999998092651,392,269,1276,0.00999999977648258,173.720001220703,117.709999084473,0.512745082378387
"species",292,292,107,15.5316667556763,33.3959999084473,-3.6800000667572,378,256,1227,-0.0599999986588955,181.110000610352,122.019996643066,0.526797413825989
"species",293,293,133,14.6665000915527,32.5279998779297,-4.01200008392334,405,267,1387,0.0500000007450581,130.360000610352,124.680000305176,0.596078455448151
"species",294,294,242,14.188666343689,32.076000213623,-4.59999990463257,416,271,1414,0.0799999982118607,129.479995727539,124.660003662109,0.599346399307251
"species",295,295,183,14.4911670684814,32.5800018310547,-4.36400032043457,408,267,1367,0.0399999991059303,130.449996948242,125.01000213623,0.599346399307251
"species",296,296,213,14.3983335494995,32.0960006713867,-4.34000015258789,402,276,1364,0.0599999986588955,128.199996948242,120.889999389648,0.601960778236389
"species",297,297,241,14.4394998550415,32.0359992980957,-4.06799983978271,399,286,1387,0.0599999986588955,127.279998779297,119.23999786377,0.603921592235565
"species",298,298,358,13.9986667633057,31.2000007629395,-3.88800001144409,415,302,1455,0.150000005960464,123.199996948242,116.309997558594,0.612418293952942
"species",299,299,308,14.1818332672119,31.4160003662109,-4.09200000762939,401,291,1416,0.129999995231628,123.370002746582,116.75,0.612418293952942
"species",300,300,545,13.1254997253418,29.8439998626709,-4.36800003051758,428,308,1517,0.219999998807907,116.190002441406,110.529998779297,0.613398671150208
"species",301,301,448,13.5198335647583,30.5799999237061,-4.33599996566772,422,302,1496,0.170000001788139,119.139999389648,114.669998168945,0.6094771027565
"species",302,302,242,14.3303337097168,31.2320003509521,-3.05200004577637,399,290,1427,0.100000001490116,124.889999389648,56.560001373291,0.6094771027565
"species",303,303,277,14.2033338546753,32.0319976806641,-4.1399998664856,377,277,1351,0.100000001490116,123.480003356934,56.1300010681152,0.61176472902298
"species",304,304,295,14.2093334197998,31.8559989929199,-4.17199993133545,361,264,1299,0.0799999982118607,121.839996337891,55.7999992370605,0.612745106220245
"species",305,305,553,12.871000289917,29.4759998321533,-4.52400016784668,389,283,1385,0.140000000596046,84.7099990844727,54.8400001525879,0.607516348361969
"species",306,306,1282,9.59316635131836,24.2999992370605,-5.78000020980835,450,367,1653,0.379999995231628,71.9000015258789,98.4899978637695,0.607516348361969
"species",307,307,165,16.070333480835,34.1279983520508,-3.05599999427795,363,191,1146,-0.159999996423721,44.2099990844727,153.669998168945,0.558169960975647
"species",308,308,113,15.8163328170776,33.6959991455078,-2.79200005531311,359,248,1176,-0.119999997317791,43.7700004577637,126.080001831055,0.528431355953217
"species",309,309,198,15.481333732605,33.4360008239746,-3.36800003051758,366,261,1205,-0.0900000035762787,43.2700004577637,125.940002441406,0.510784327983856
"species",310,310,223,15.3369998931885,32.9160003662109,-3.51600003242493,404,276,1321,0.0299999993294477,174.110000610352,119.279998779297,0.512745082378387
"species",311,311,96,15.9198331832886,33.6319999694824,-3.18400001525879,399,268,1288,-0.00999999977648258,178.139999389648,121.349998474121,0.526797413825989
"species",312,312,179,14.8234996795654,32.507999420166,-3.70799994468689,426,274,1441,0.0700000002980232,131.410003662109,125.440002441406,0.596078455448151
"species",313,313,256,14.4468336105347,32.2480010986328,-4.09999990463257,434,283,1471,0.100000001490116,129.470001220703,123.76000213623,0.599346399307251
"species",314,314,309,14.3348331451416,31.6760005950928,-3.83200001716614,426,283,1434,0.119999997317791,126.419998168945,120.75,0.599346399307251
"species",315,315,273,14.4860000610352,31.9680004119873,-3.80399990081787,415,287,1420,0.0900000035762787,128.279998779297,120.970001220703,0.601960778236389
"species",316,316,315,14.3601665496826,31.7759990692139,-3.65199995040894,417,290,1439,0.119999997317791,126.230003356934,118.860000610352,0.603921592235565
"species",317,317,325,14.3411664962769,31.5160007476807,-3.66400003433228,428,301,1506,0.150000005960464,124.309997558594,55.5499992370605,0.612418293952942
"species",318,318,404,13.9755001068115,30.9120006561279,-3.72399997711182,426,307,1511,0.189999997615814,119.690002441406,53.9099998474121,0.612418293952942
"species",319,319,581,13.2185001373291,29.7840003967285,-4.08799982070923,439,317,1554,0.239999994635582,114.870002746582,51.4300003051758,0.613398671150208
"species",320,320,339,14.2183332443237,31.5879993438721,-3.63199996948242,422,299,1467,0.129999995231628,122.610000610352,55.5699996948242,0.6094771027565
"species",321,321,244,14.5776662826538,32.3839988708496,-3.57200002670288,408,294,1421,0.0900000035762787,125.419998168945,57.7700004577637,0.6094771027565
"species",322,322,319,14.1813335418701,31.576000213623,-3.72399997711182,411,298,1431,0.119999997317791,125.01000213623,57.6800003051758,0.61176472902298
"species",323,323,1086,10.7518329620361,25.8239994049072,-5.34800004959106,476,367,1718,0.379999995231628,106.160003662109,48.1500015258789,0.612745106220245
"species",324,324,134,15.5508327484131,33.2719993591309,-3.02799987792969,441,277,1457,0.0500000007450581,133.240005493164,126.480003356934,0.589542508125305
"species",325,325,205,15.1440000534058,32.8240013122559,-3.30399990081787,439,280,1469,0.0799999982118607,131.550003051758,125.569999694824,0.595424830913544
"species",326,326,221,15.078332901001,32.5519981384277,-3.29999995231628,427,282,1459,0.0799999982118607,130.179992675781,124.23999786377,0.599346399307251
"species",327,327,246,15.0343332290649,32.2519989013672,-3.19200015068054,421,283,1443,0.0900000035762787,128.919998168945,122.769996643066,0.599346399307251
"species",328,328,245,15.0333337783813,32.423999786377,-3.01600003242493,419,282,1439,0.100000001490116,128.940002441406,122.099998474121,0.599673211574554
"species",329,329,244,14.9563331604004,32.2519989013672,-3.24000000953674,417,280,1434,0.100000001490116,127.959999084473,121.230003356934,0.605228781700134
"species",330,330,388,14.2843332290649,31.2519989013672,-3.2960000038147,438,304,1520,0.170000001788139,123.690002441406,55.8300018310547,0.607516348361969
"species",331,331,450,13.9818334579468,30.8279991149902,-3.40799999237061,451,314,1554,0.209999993443489,120.370002746582,55.0499992370605,0.607516348361969
"species",332,332,369,14.3336668014526,31.3239994049072,-3.26799988746643,443,305,1507,0.150000005960464,122.540000915527,56.5699996948242,0.606535971164703
"species",333,333,234,14.9530000686646,32.3919982910156,-2.95199990272522,426,296,1441,0.0700000002980232,125.589996337891,58.5200004577637,0.606862723827362
"species",334,334,238,14.8985004425049,32.5639991760254,-3.41600012779236,413,303,1427,0.0900000035762787,126.25,58.9799995422363,0.606862723827362
"species",335,335,211,15.349666595459,32.6720008850098,-2.84800004959106,443,280,1472,0.0799999982118607,131.860000610352,125.790000915527,0.596078455448151
"species",336,336,160,15.6196670532227,33.1080017089844,-2.50799989700317,419,275,1427,0.0500000007450581,132.089996337891,126.23999786377,0.597058832645416
"species",337,337,195,15.5511665344238,32.8840026855469,-2.41600012779236,420,280,1443,0.0799999982118607,130.770004272461,124.5,0.597058832645416
"species",338,338,178,15.606333732605,32.8959999084473,-2.14800000190735,419,278,1443,0.0799999982118607,129.960006713867,59.9099998474121,0.599346399307251
"species",339,339,192,15.5030002593994,32.7519989013672,-2.21200013160706,419,276,1429,0.0700000002980232,129.520004272461,59.689998626709,0.600980401039124
"species",340,340,223,15.2286672592163,32.6399993896484,-2.72000002861023,428,289,1446,0.0799999982118607,129.860000610352,59.8499984741211,0.601307213306427
"species",341,341,417,14.2951669692993,31.3279991149902,-3.42799997329712,449,305,1515,0.170000001788139,123.830001831055,57.1300010681152,0.601307213306427
"species",342,342,564,13.6041669845581,30.1599998474121,-3.63199996948242,460,319,1559,0.219999998807907,119.51000213623,55.310001373291,0.597058832645416
"species",343,343,293,14.8284997940063,32.1399993896484,-2.97200012207031,430,302,1452,0.100000001490116,125.660003662109,59.689998626709,0.59738564491272
"species",344,344,227,15.2583332061768,32.7600021362305,-2.7720000743866,415,289,1407,0.0799999982118607,126.089996337891,60.3400001525879,0.59738564491272
"species",345,345,241,15.4756669998169,32.923999786377,-2.40000009536743,433,288,1483,0.109999999403954,130.089996337891,61.4900016784668,0.597058832645416
"species",346,346,299,15.1891670227051,32.3839988708496,-2.41600012779236,439,296,1496,0.119999997317791,128.490005493164,60.5099983215332,0.599346399307251
"species",347,347,292,15.2186660766602,32.3279991149902,-2.5,431,286,1457,0.109999999403954,128.240005493164,60.4000015258789,0.600980401039124
"species",348,348,316,15.1129999160767,32.1399993896484,-2.55200004577637,424,277,1426,0.109999999403954,126.459999084473,59.9099998474121,0.601307213306427
"species",349,349,288,15.1990003585815,32.4160003662109,-2.57599997520447,434,280,1441,0.100000001490116,127.800003051758,60.4199981689453,0.601307213306427
"species",350,350,297,15.1409997940063,32.2360000610352,-2.45199990272522,438,287,1444,0.0900000035762787,127.690002441406,61.4599990844727,0.597058832645416
"species",351,351,197,15.6426668167114,32.8800010681152,-2.1800000667572,421,284,1397,0.0299999993294477,127.919998168945,63.3199996948242,0.59738564491272
"species",352,352,258,15.5535001754761,32.3680000305176,-2.09999990463257,406,268,1347,0.0399999991059303,124.720001220703,61.9000015258789,0.59738564491272
"species",353,353,154,15.9630002975464,33.5559997558594,-2.09999990463257,442,280,1469,0.0799999982118607,131.75,65.7399978637695,0.596405208110809
"species",354,354,114,16.2116661071777,33.7639999389648,-1.92799997329712,434,276,1433,0.0399999991059303,132.440002441406,65.5500030517578,0.599346399307251
"species",355,355,252,15.6623334884644,32.7239990234375,-2.0239999294281,435,282,1460,0.0799999982118607,129.600006103516,63.4500007629395,0.594444453716278
"species",356,356,168,16.0948333740234,33.5679969787598,-1.79999995231628,423,261,1391,0.0399999991059303,131.020004272461,64.8000030517578,0.596405208110809
"species",357,357,199,15.9761667251587,33.2080001831055,-1.78399991989136,427,269,1397,0.0500000007450581,130.949996948242,64.3600006103516,0.596405208110809
"species",358,358,324,15.6793336868286,32.423999786377,-1.67599999904633,410,268,1366,0.0500000007450581,125.099998474121,62.6599998474121,0.591176450252533
"species",359,359,139,16.3325004577637,33.3959999084473,-1.52799999713898,449,280,1478,0.0799999982118607,132.509994506836,66.6399993896484,0.594444453716278
"species",360,360,185,16.2438335418701,33.3160018920898,-1.35599994659424,438,280,1456,0.0700000002980232,128.839996337891,65.4499969482422,0.594444453716278
"species",361,361,208,16.1918334960938,33.3160018920898,-1.39199995994568,428,278,1422,0.0599999986588955,130.850006103516,65.879997253418,0.593464076519012
"species",362,362,151,16.5573329925537,33.0639991760254,-0.60400003194809,429,269,1389,0.00999999977648258,133.970001220703,67.7799987792969,0.591176450252533
"species",363,363,203,16.2938327789307,33.0800018310547,-1.03600001335144,425,264,1375,0.0199999995529652,131.619995117188,66.6100006103516,0.591176450252533
"species",364,364,175,16.603666305542,33.5279998779297,-0.903999984264374,456,276,1484,0.0700000002980232,131.690002441406,67.8000030517578,0.587908506393433
"species",365,365,171,16.7251663208008,33.5480003356934,-0.579999983310699,446,277,1448,0.0399999991059303,133.509994506836,68.9599990844727,0.58627450466156
"species",366,366,207,16.6273326873779,33.3520011901855,-0.639999985694885,450,281,1449,0.0500000007450581,133.369995117188,69.1999969482422,0.585620939731598
"species",367,367,1988,17.8959999084473,28.6919994354248,6.18800020217896,483,46,897,0,107.040000915527,134.059997558594,0.627777755260468
