"species","x","y","alt","wc2.0_bio_2.5m_1","wc2.0_bio_2.5m_5","wc2.0_bio_2.5m_6","wc2.0_bio_2.5m_16","wc2.0_bio_2.5m_17","current_2.5arcmin_climaticMoistureIndex","current_2.5arcmin_PETDriestQuarter","current_2.5arcmin_PETWettestQuarter","Cropped_Cloud"
"species",1,1,237,17.1800003051758,30.2360000610352,5.63199996948242,202,7,-0.720000028610229,153.479995727539,74.3899993896484,43.7559623718262
"species",2,2,1294,13.378999710083,29.9759998321533,-2.90000009536743,126,26,-0.769999980926514,168.600006103516,63.2700004577637,39.7522048950195
"species",3,3,328,17.0655002593994,30.3479995727539,4.78000020980835,137,9,-0.839999973773956,166.389999389648,74.2600021362305,23.2740516662598
"species",4,4,457,24.2395000457764,29.1040000915527,19.8439998626709,1162,235,0.569999992847443,122.839996337891,106.059997558594,223.376953125
"species",5,5,55,26.5694999694824,30.7560005187988,22.6040000915527,837,159,0.389999985694885,121.629997253418,111.75,218.753860473633
"species",6,6,109,26.341833114624,31.0400009155273,22.1639995574951,1018,94,0.389999985694885,122.199996948242,114.610000610352,210.585906982422
"species",7,7,94,26.4260005950928,31.3279991149902,21.7040004730225,1843,1368,0.740000009536743,136.789993286133,135.350006103516,234.084457397461
"species",8,8,10,26.0808715820312,29.6909084320068,22.4772720336914,1158,666,0.600000023841858,96.6600036621094,103.98999786377,224.29231262207
"species",9,9,13,26.3194999694824,30.7639999389648,22.2600002288818,1823,1062,0.779999971389771,132.020004272461,121.269996643066,213.423736572266
