"species","x","y","alt","wc2.0_bio_2.5m_1","wc2.0_bio_2.5m_5","wc2.0_bio_2.5m_6","wc2.0_bio_2.5m_16","wc2.0_bio_2.5m_17","current_2.5arcmin_climaticMoistureIndex","current_2.5arcmin_PETDriestQuarter","current_2.5arcmin_PETWettestQuarter","Cropped_Cloud"
"species",1,1,359,7.82450008392334,25.1040000915527,-11.8719997406006,270,155,-0.0199999995529652,25.3700008392334,144.649993896484,190.131072998047
"species",2,2,354,7.32200002670288,24.7840003967285,-12.7959995269775,306,219,0.189999997615814,24.1399993896484,56.5400009155273,183.298706054688
"species",3,3,105,8.23583316802979,26.7959995269775,-12.9160003662109,284,207,0.0299999993294477,17.3299999237061,149.729995727539,181.019668579102
"species",4,4,175,7.93883323669434,26.2999992370605,-12.4759998321533,310,256,0.150000005960464,27.8299999237061,34.0800018310547,176.729202270508
"species",5,5,1230,9.59283351898193,22.6359996795654,-3.89599990844727,612,50,0.0299999993294477,166.889999389648,27.4500007629395,89.8209075927734
"species",6,6,225,10.3838329315186,28.5,-11.3520002365112,316,150,-0.0599999986588955,20.3500003814697,155.110000610352,177.318023681641
"species",7,7,211,10.2896671295166,28.1000003814697,-10.7600002288818,297,169,-0.0799999982118607,32.4199981689453,157.380004882812,180.758926391602
"species",8,8,190,9.88066673278809,27.3279991149902,-9.51599979400635,344,271,0.170000001788139,20.9099998474121,125.069999694824,171.900314331055
"species",9,9,738,12.2973337173462,26.431999206543,-1.71200001239777,614,17,-0.0900000035762787,183.759994506836,37.5200004577637,55.2035102844238
"species",10,10,278,12.7273330688477,31.2880001068115,-7.42400026321411,346,144,-0.0900000035762787,28.8799991607666,141.649993896484,137.125625610352
"species",11,11,202,12.5935001373291,30.8640003204346,-7.66400003433228,291,177,-0.150000005960464,29.0100002288818,165.160003662109,142.792419433594
"species",12,12,123,12.7930002212524,30.6599998474121,-7.86800003051758,341,222,-0.0599999986588955,27.4799995422363,105.309997558594,166.824478149414
"species",13,13,213,11.9301662445068,29.7080001831055,-7.60799980163574,321,227,-0.0700000002980232,29.6000003814697,162.490005493164,163.96598815918
"species",14,14,411,11.2266664505005,28.3719997406006,-7.46000003814697,372,268,0.100000001490116,30.5300006866455,161.190002441406,171
"species",15,15,193,12.5436668395996,30.4080009460449,-6.35200023651123,298,216,-0.100000001490116,31.7000007629395,163.399993896484,155.677886962891
"species",16,16,16,12.9230070114136,30.3869571685791,-5.5043478012085,313,251,0.00999999977648258,28.6700000762939,160.240005493164,144.666351318359
"species",17,17,32,12.0946664810181,29.568000793457,-6.48000001907349,305,262,0.100000001490116,70.2900009155273,132.520004272461,152
"species",18,18,328,13.8696660995483,24.8559989929199,3.08800005912781,433,9,-0.25,147.110000610352,45.939998626709,54.7550201416016
"species",19,19,376,14.4114999771118,26.3320007324219,1.99599993228912,363,8,-0.430000007152557,171.970001220703,47.3499984741211,51.061840057373
"species",20,20,1969,7.46466684341431,24.1760005950928,-9.07600021362305,323,19,-0.409999996423721,151.809997558594,44.4900016784668,79.096076965332
"species",21,21,326,14.9163331985474,32.6279983520508,-3.77600002288818,366,183,-0.0799999982118607,40.1399993896484,144.690002441406,127.901123046875
"species",22,22,390,14.0448331832886,31.9720001220703,-4.72399997711182,357,220,-0.0599999986588955,38.7099990844727,115.440002441406,128.946487426758
"species",23,23,137,14.3754997253418,32.423999786377,-5,388,278,0.0700000002980232,126.930000305176,119.910003662109,140.587066650391
"species",24,24,316,13.8999996185303,31.2600002288818,-4.30399990081787,398,295,0.129999995231628,123.449996948242,116.720001220703,148.349365234375
"species",25,25,329,13.6063327789307,31.6240005493164,-4.90799999237061,324,228,-0.0900000035762787,87.6999969482422,168.240005493164,146.291442871094
"species",26,26,277,14.1295003890991,32.0839996337891,-4.12400007247925,324,262,-0.0700000002980232,41.689998626709,169.419998168945,128.991638183594
"species",27,27,90,14.8571662902832,32.8759994506836,-3.27600002288818,327,246,-0.100000001490116,60.0200004577637,170.860000610352,131.185638427734
"species",28,28,8,15.9838771820068,32.1304359436035,-0.269565224647522,394,242,0.0299999993294477,57.9199981689453,141.309997558594,140.251861572266
"species",29,29,1193,13.3461666107178,29.4839992523193,-1.99199998378754,172,6,-0.709999978542328,166.580001831055,52.5800018310547,59.7619438171387
"species",30,30,234,16.13450050354,33.568000793457,-2,398,254,-0.0599999986588955,48.3199996948242,126.680000305176,127.693092346191
"species",31,31,148,16.0189990997314,33.5799980163574,-2.31599998474121,428,303,0.0500000007450581,134.289993286133,127.379997253418,128.637649536133
"species",32,32,39,17.2189998626709,34.2400016784668,-0.583999991416931,417,248,0.0299999993294477,133.820007324219,125.769996643066,149.290374755859
"species",33,33,110,16.3653335571289,33.6319999694824,-1.81199991703033,443,280,0.0700000002980232,134.809997558594,96.9700012207031,125.922233581543
"species",34,34,202,16.6205005645752,33.1959991455078,-0.551999986171722,374,235,-0.0900000035762787,95.3099975585938,67.1999969482422,126.77229309082
"species",35,35,76,17.4020004272461,33.9799995422363,0.572000026702881,388,225,-0.140000000596046,69.5299987792969,173.160003662109,125.907318115234
"species",36,36,17,16.9636669158936,33.2400016784668,1.44799995422363,444,230,-0.0199999995529652,67.9300003051758,162.380004882812,134
"species",37,37,626,18.1731662750244,34.8839988708496,0.980000019073486,199,82,-0.610000014305115,64.2699966430664,185.600006103516,113.999618530273
"species",38,38,362,18.6606674194336,34.3880004882812,2.14400005340576,272,137,-0.46000000834465,61.3600006103516,157.360000610352,128.596984863281
"species",39,39,107,19.7148342132568,34.8920021057129,3.87600016593933,298,196,-0.319999992847443,181.580001831055,156.259994506836,150.91064453125
"species",40,40,116,18.3698329925537,33.8559989929199,2.09599995613098,456,311,0.0700000002980232,106.73999786377,77.4499969482422,129.19596862793
"species",41,41,82,18.6806659698486,33.7760009765625,2.90000009536743,371,246,-0.0500000007450581,104.419998168945,169.449996948242,140.906158447266
"species",42,42,68,19.1480007171631,34.1879997253418,3.27999997138977,411,194,-0.140000000596046,77.2799987792969,171.910003662109,134.891235351562
"species",43,43,13,19.4808330535889,33.5839996337891,5.24000024795532,477,221,-0.0299999993294477,73.3199996948242,145.169998168945,130.911773681641
"species",44,44,343,20.1218338012695,35.5400009155273,3.86400008201599,213,83,-0.600000023841858,69.9100036621094,148.190002441406,122.730651855469
"species",45,45,180,20.3904991149902,35.1040000915527,4.93200016021729,262,127,-0.550000011920929,66.4199981689453,159.639999389648,170.351593017578
"species",46,46,93,20.3221664428711,35.6759986877441,4.40000009536743,315,203,-0.340000003576279,82.620002746582,158.710006713867,160.080261230469
"species",47,47,3,20.8659992218018,33.7439994812012,6.90799999237061,471,330,0.129999995231628,75.8000030517578,147.130004882812,156.345397949219
"species",48,48,15,20.0233325958252,32.8920021057129,6.43200016021729,577,291,0.0799999982118607,79.9899978637695,146.479995727539,127.835586547852
"species",49,49,34,21.3080005645752,34.0519981384277,7.82000017166138,570,196,-0.109999999403954,90.0299987792969,171.910003662109,152.862686157227
"species",50,50,20,21.3653335571289,33.4000015258789,8.39999961853027,533,178,-0.150000005960464,73.6800003051758,166.110000610352,158.669540405273
"species",51,51,1745,18.7076663970947,29.4839992523193,7.15999984741211,422,40,-0.140000000596046,114.169998168945,142.800003051758,142.726791381836
"species",52,52,2258,13.6991662979126,21.4839992523193,6.17600011825562,735,59,0.0199999995529652,131.020004272461,124.360000610352,133.202575683594
"species",53,53,1305,21.7339992523193,32.1559982299805,10.8599996566772,987,106,-0.100000001490116,125.860000610352,136.199996948242,130.579040527344
"species",54,54,2393,14.3336668014526,21.992000579834,7.09999990463257,574,45,-0.0399999991059303,110.139999389648,118.099998474121,149.49919128418
