"species","x","y","alt","wc2.0_bio_2.5m_1","wc2.0_bio_2.5m_5","wc2.0_bio_2.5m_6","wc2.0_bio_2.5m_16","wc2.0_bio_2.5m_17","current_2.5arcmin_climaticMoistureIndex","current_2.5arcmin_PETDriestQuarter","current_2.5arcmin_PETWettestQuarter","Cropped_Cloud"
"species",1,1,866,5.49483346939087,15.4840002059937,-4.47200012207031,1177,300,0.759999990463257,83.0699996948242,10.460000038147,197.208923339844
"species",2,2,166,8.79749965667725,19.5480003356934,-3.03600001335144,698,114,0.509999990463257,124.559997558594,12.9899997711182,168.510101318359
"species",3,3,60,9.98472213745117,21.0190486907959,-2.48571419715881,688,199,0.509999990463257,128.169998168945,13.7399997711182,187.034378051758
"species",4,4,401,2.38733339309692,22.6240005493164,-22.7679996490479,304,89,-0.109999999403954,11.3599996566772,138.080001831055,190.992813110352
"species",5,5,316,1.10366666316986,20.5960006713867,-24.1159992218018,320,158,0.219999998807907,27.6399993896484,106.059997558594,200.921997070312
"species",6,6,332,0.566166579723358,20.3640003204346,-24.6560001373291,342,140,0.280000001192093,27.5,104.76000213623,200
"species",7,7,423,0.0406665839254856,21.1000003814697,-26.1920013427734,353,141,0.349999994039536,24.8400001525879,99.3000030517578,200.808990478516
"species",8,8,155,1.16750001907349,21.3559989929199,-25.4559993743896,311,142,0.189999997615814,27.9099998474121,105.410003662109,201.866912841797
"species",9,9,485,1.2664999961853,19.2520008087158,-19.5279998779297,347,239,0.509999990463257,22.8299999237061,15.710000038147,192.94352722168
"species",10,10,109,9.82466697692871,20.3479995727539,-2.39199995994568,1343,219,0.740000009536743,119.129997253418,17.0300006866455,176.353210449219
"species",11,11,150,10.2451667785645,21.7520008087158,-2.55999994277954,509,118,0.180000007152557,136.910003662109,18.5300006866455,170.103698730469
"species",12,12,1370,4.50783348083496,17.7520008087158,-10.3000001907349,577,96,0.439999997615814,117.550003051758,10.3900003433228,156.477874755859
"species",13,13,437,4.11183309555054,24.6280002593994,-21.2119998931885,304,58,-0.150000005960464,6.42000007629395,146.149993896484,180.456604003906
"species",14,14,477,3.13099980354309,22.4079990386963,-22.1720008850098,298,71,-0.0399999991059303,6.67999982833862,134.990005493164,190.713714599609
"species",15,15,181,5.06166648864746,21.7119998931885,-14.5080003738403,266,129,-0.0199999995529652,18.6499996185303,142.470001220703,176.42041015625
"species",16,16,302,5.08949995040894,23.2479991912842,-16.4080009460449,267,139,0.0500000007450581,17.2000007629395,116.269996643066,187.470703125
"species",17,17,397,2.83399987220764,20.5,-19.2199993133545,352,209,0.28999999165535,31.2700004577637,72.4199981689453,189.320877075195
"species",18,18,423,3.06949996948242,21.5200004577637,-19.1000003814697,291,162,0.170000001788139,14.1300001144409,76.1699981689453,195.087112426758
"species",19,19,320,2.70583343505859,21.5799999237061,-21.0599994659424,281,170,0.180000007152557,32.4700012207031,108.629997253418,198.354766845703
"species",20,20,368,2.05149984359741,20.8799991607666,-22.3159999847412,323,180,0.239999994635582,31.5100002288818,108.319999694824,197.555557250977
"species",21,21,418,1.65566658973694,21.4759998321533,-22.9680004119873,333,184,0.330000013113022,31.3600006103516,107.5,202.37077331543
"species",22,22,379,2.20833349227905,21.1200008392334,-21.0200004577637,396,236,0.360000014305115,31.5300006866455,107.449996948242,203.0107421875
"species",23,23,403,2.35783338546753,20.8080005645752,-19.8400001525879,337,201,0.310000002384186,13.0100002288818,105.459999084473,198.024398803711
"species",24,24,322,2.95616674423218,21.2320003509521,-19.7959995269775,331,218,0.300000011920929,31.75,130.429992675781,203.46809387207
"species",25,25,57,4.66783332824707,22.8839988708496,-16.1000003814697,340,270,0.330000013113022,80.8600006103516,11.8699998855591,186.826553344727
"species",26,26,361,9.62366676330566,18.4600009918213,-0.0280000008642673,1253,141,0.620000004768372,131.809997558594,21.9899997711182,151.538619995117
"species",27,27,990,8.18233299255371,23.1000003814697,-9.02799987792969,166,50,-0.579999983310699,144.570007324219,18.7299995422363,113.896217346191
"species",28,28,295,6.62599992752075,27.492000579834,-18.4839992523193,263,49,-0.370000004768372,10.3900003433228,157.160003662109,162.30290222168
"species",29,29,356,6.51016664505005,26.7639999389648,-18.3600006103516,296,60,-0.230000004172325,9.4399995803833,152.839996337891,165.57698059082
"species",30,30,366,5.63766670227051,25.2040004730225,-19.2200012207031,325,81,-0.0900000035762787,9.94999980926514,153.899993896484,169.713027954102
"species",31,31,420,5.17083358764648,24.1560001373291,-18.923999786377,312,84,-0.0500000007450581,10.1099996566772,125.76000213623,176.768264770508
"species",32,32,220,6.59883308410645,23.992000579834,-14.6759996414185,261,116,-0.0500000007450581,12.5500001907349,119.900001525879,161.360275268555
"species",33,33,173,7.58316659927368,20.9680004119873,-8.8120002746582,281,197,0.119999997317791,39.1100006103516,14.9399995803833,182.795211791992
"species",34,34,242,5.66616678237915,23.0839996337891,-15.7559995651245,302,193,0.0799999982118607,40.810001373291,14.1099996566772,178.362716674805
"species",35,35,297,4.97716665267944,22.5960006713867,-16.6959991455078,281,188,0.100000001490116,18.3199996948242,48.6100006103516,192.046493530273
"species",36,36,389,4.86116647720337,23.1720008850098,-17.007999420166,332,198,0.189999997615814,19.4899997711182,118.410003662109,191.311157226562
"species",37,37,470,4.24849987030029,22.0480003356934,-17.0599994659424,358,225,0.280000001192093,18.5,135.580001831055,201.307083129883
"species",38,38,139,5.71933364868164,24.1840000152588,-16.1399993896484,298,220,0.180000007152557,22.2800006866455,28.2600002288818,187.073364257812
"species",39,39,78,5.87716674804688,24.1680011749268,-15.3559999465942,320,260,0.280000001192093,134.149993896484,26.3500003814697,176.273010253906
"species",40,40,135,5.57766675949097,21.8400001525879,-12.4799995422363,444,302,0.46000000834465,114.819999694824,15.2399997711182,197.081100463867
"species",41,41,747,11.3070001602173,23.9759998321533,-2.66799998283386,927,63,0.360000014305115,151.970001220703,25.2800006866455,105.879814147949
"species",42,42,213,9.59966659545898,26.9599990844727,-11.1599998474121,295,173,0.0299999993294477,28.8400001525879,150.160003662109,161.836898803711
"species",43,43,173,9.57649993896484,24.6079998016357,-7.64400005340576,256,176,-0.0799999982118607,26.4500007629395,149.970001220703,183.676696777344
"species",44,44,475,7.5566668510437,24.3719997406006,-12.4759998321533,342,222,0.239999994635582,26.5499992370605,143,189.075744628906
"species",45,45,386,7.91283321380615,25.1639995574951,-12.0640001296997,268,155,-0.150000005960464,28.5499992370605,149.610000610352,192.940887451172
"species",46,46,529,6.77933359146118,24.0480003356934,-12.996000289917,320,211,0.189999997615814,25.6700000762939,137.320007324219,197.540542602539
"species",47,47,197,8.14466667175293,26.3320007324219,-11.8520002365112,301,255,0.159999996423721,28.7600002288818,122.419998168945,167.42236328125
"species",48,48,371,12.5069999694824,25.1119995117188,-1.88800001144409,888,28,0.319999992847443,169.699996948242,31.1200008392334,72.0652923583984
"species",49,49,213,16.6714992523193,32.6599998474121,0.660000026226044,285,15,-0.620000004768372,202.649993896484,41.2900009155273,64.6715087890625
"species",50,50,1497,9.42749977111816,25.3799991607666,-7.5959997177124,656,38,0.159999996423721,166.479995727539,33.7900009155273,67.4700927734375
"species",51,51,258,12.5375003814697,31.3640003204346,-8.42000007629395,348,135,-0.100000001490116,29.0400009155273,140.979995727539,143.533294677734
"species",52,52,174,12.614333152771,30.8439998626709,-7.71999979019165,292,179,-0.140000000596046,27.9699993133545,160.039993286133,154.800216674805
"species",53,53,246,11.1251668930054,28.8999996185303,-9.50800037384033,348,197,0,23.5100002288818,159.039993286133,169.379547119141
"species",54,54,355,10.2954998016357,27.8880004882812,-10.1280002593994,318,201,-0.0299999993294477,22.5900001525879,156.380004882812,183.800354003906
"species",55,55,308,10.5741662979126,27.8959999084473,-9.23600006103516,326,204,-0.0399999991059303,24.5,157.410003662109,177.710296630859
"species",56,56,509,9.94483375549316,27.2080001831055,-9.38799953460693,348,250,0.119999997317791,24.3899993896484,150.320007324219,186.954147338867
"species",57,57,19,12.3323335647583,29.2999992370605,-5.64799976348877,328,253,0.0599999986588955,26.4099998474121,156.520004272461,189.452713012695
"species",58,58,1136,13.1478328704834,29.5200004577637,-1.33599996566772,494,19,-0.270000010728836,184.529998779297,41.5,69.4315032958984
"species",59,59,2710,6.39449977874756,21.9839992523193,-6.49200010299683,201,41,-0.5,123.040000915527,27.7099990844727,51.0465698242188
"species",60,60,380,12.867166519165,31.0440006256104,-7.00400018692017,323,194,-0.0900000035762787,32.8899993896484,143.630004882812,132.669830322266
"species",61,61,253,12.8105001449585,30.92799949646,-7.21999979019165,341,241,-0.0599999986588955,32.8899993896484,113.970001220703,136.248397827148
"species",62,62,130,13.1575002670288,30.7600002288818,-6.91200017929077,354,244,-0.00999999977648258,29.9300003051758,109.110000610352,161.162399291992
"species",63,63,622,11.82200050354,28.9200000762939,-6.09200000762939,330,247,-0.00999999977648258,51.4599990844727,158.149993896484,162.003219604492
"species",64,64,40,14.7343330383301,32.4080009460449,-3.29999995231628,338,253,-0.0799999982118607,55.8699989318848,151.179992675781,140.449493408203
"species",65,65,3,14.0402774810791,30.3666667938232,-2.50833344459534,282,226,-0.00999999977648258,47.7999992370605,128.929992675781,122.909996032715
"species",66,66,531,12.9704999923706,24.423999786377,2.42000007629395,352,7,-0.670000016689301,164.970001220703,65.2200012207031,35.8155517578125
"species",67,67,1466,12.9125003814697,27.6840000152588,-1.60399997234344,390,15,-0.379999995231628,175.240005493164,57.75,45.3085784912109
"species",68,68,1426,14.5191659927368,34.7599983215332,-6.27600002288818,133,30,-0.819999992847443,103.5,177.369995117188,60.7069091796875
"species",69,69,1816,12.8748331069946,31.8319988250732,-7.04400014877319,180,39,-0.75,47.1500015258789,163.220001220703,77.7216339111328
"species",70,70,160,16.7823333740234,34.3520011901855,-2,349,196,-0.180000007152557,48.2000007629395,152.190002441406,123.10962677002
"species",71,71,326,15.4210004806519,32.4280014038086,-2.30399990081787,420,261,-0.0199999995529652,45.5400009155273,123.440002441406,120.236030578613
"species",72,72,179,15.7608337402344,33.1040000915527,-2.23199987411499,436,285,0.0900000035762787,131.539993286133,63.7400016784668,132.342727661133
"species",73,73,428,14.5764999389648,31.4120006561279,-2.72399997711182,453,310,0.189999997615814,120,57.9799995422363,133.490585327148
"species",74,74,743,12.7728338241577,29.4479999542236,-4.2519998550415,442,406,0.300000011920929,83.6999969482422,115.73999786377,139.672515869141
"species",75,75,101,15.6181669235229,32.9560012817383,-1.96799993515015,345,246,-0.0700000002980232,60.9300003051758,164,130.650650024414
"species",76,76,8,16.405834197998,33.3079986572266,-0.404000014066696,424,245,0.00999999977648258,63.5999984741211,165.289993286133,142.159133911133
"species",77,77,9,16.6143341064453,31.7999992370605,1.50399994850159,422,288,0.140000000596046,56.3699989318848,133.440002441406,126.435707092285
"species",78,78,2465,8.64566707611084,23.8759994506836,-6.2960000038147,193,21,-0.28999999165535,104.360000610352,50.3899993896484,40.3583221435547
"species",79,79,1220,15.9429998397827,36.4080009460449,-4.94000005722046,123,21,-0.839999973773956,151.039993286133,183.339996337891,77.0728530883789
"species",80,80,2079,11.8575000762939,28.992000579834,-6.05200004577637,260,49,-0.660000026226044,85.9599990844727,141.210006713867,85.50634765625
"species",81,81,66,17.7018337249756,34.507999420166,0.512000024318695,356,249,-0.100000001490116,136.570007324219,53.75,129.276626586914
"species",82,82,74,17.9720001220703,34.3159980773926,1.06000006198883,426,297,0.0299999993294477,139.800003051758,56.0699996948242,124.81086730957
"species",83,83,159,16.6614990234375,33.515998840332,-0.84799998998642,439,269,0.0500000007450581,131.979995727539,96.7600021362305,121.619934082031
"species",84,84,71,18.0943336486816,34.1559982299805,1.50399994850159,440,266,-0.0299999993294477,103.330001831055,74.4100036621094,124.956512451172
"species",85,85,168,17.9593334197998,33.9360008239746,1.43999993801117,393,215,-0.119999997317791,104,75.9400024414062,128.966430664062
"species",86,86,70,18.8859996795654,34.4720001220703,2.81599998474121,382,197,-0.200000002980232,105.73999786377,176.639999389648,131.733703613281
"species",87,87,1645,13.0950002670288,28.2080001831055,-1.65600001811981,119,12,-0.639999985694885,128.339996337891,65.8399963378906,36.1333541870117
"species",88,88,2041,13.5458335876465,29.8680000305176,-2.93199992179871,616,52,-0.479999989271164,142.970001220703,148.289993286133,70.3119964599609
"species",89,89,26,19.2145004272461,33.7360000610352,4.19199991226196,525,304,0.129999995231628,76.6699981689453,147.440002441406,146.142654418945
"species",90,90,41,19.5020008087158,33.7360000610352,4.48799991607666,514,272,0.0199999995529652,82.3300018310547,170.699996948242,132.553588867188
"species",91,91,44,20.2141666412354,34.1399993896484,5.59999990463257,548,192,-0.109999999403954,84.5400009155273,169.800003051758,147.92366027832
"species",92,92,1711,15.8571662902832,31.0599994659424,0.224000006914139,632,54,-0.430000007152557,150.259994506836,152.619995117188,63.5667533874512
"species",93,93,2080,15.1283330917358,30.0799999237061,-0.232000008225441,611,56,-0.370000004768372,143.729995727539,147.919998168945,70.5895309448242
"species",94,94,50,22.380500793457,33.5839996337891,10.1280002593994,562,172,-0.189999997615814,88.7300033569336,165.309997558594,164.005844116211
"species",95,95,2175,15.0329999923706,26.3280010223389,2.62800002098083,196,51,-0.600000023841858,99.8399963378906,141.910003662109,96.460578918457
"species",96,96,1004,24.7276668548584,37.6959991455078,10.6640005111694,576,11,-0.560000002384186,176.710006713867,176.149993896484,82.541862487793
"species",97,97,2006,17.4948329925537,29.076000213623,4.61600017547607,403,22,-0.589999973773956,146.649993896484,146.369995117188,97.5427627563477
"species",98,98,2212,16.2443332672119,26.6240005493164,5.25600004196167,250,35,-0.560000002384186,96.5299987792969,139.699996948242,97.5731201171875
"species",99,99,1481,19.4316673278809,31.0200004577637,6.57599973678589,563,22,-0.430000007152557,151.559997558594,154.660003662109,97.3938522338867
"species",100,100,1562,22.6853332519531,30.996000289917,14.0799999237061,731,16,-0.200000002980232,151.589996337891,130.419998168945,107.329414367676
"species",101,101,2200,17.5653324127197,24.492000579834,9.84000015258789,480,23,-0.310000002384186,110.860000610352,130.979995727539,106.896209716797
"species",102,102,134,25.3194999694824,33.5880012512207,16.5200004577637,1376,283,0.579999983310699,164.100006103516,135.690002441406,185.327117919922
"species",103,103,2358,14.6028327941895,22.8439998626709,5.48799991607666,549,49,-0.119999997317791,95.8300018310547,119.370002746582,172.707534790039
"species",104,104,346,24.9265003204346,31.9559993743896,17.4640007019043,627,16,-0.430000007152557,145.009994506836,166.720001220703,162.946731567383
"species",105,105,2438,14.021333694458,21.5639991760254,5.66400003433228,690,26,-0.00999999977648258,94.2200012207031,113.269996643066,124.193130493164
"species",106,106,69,26.6451663970947,33.2519989013672,19.496000289917,877,186,0.25,144.009994506836,141.5,145.850173950195
"species",107,107,451,24.3701667785645,31.7719993591309,16.5839996337891,597,113,-0.180000007152557,153.880004882812,151.380004882812,201.410949707031
"species",108,108,1410,18.6096668243408,23.4720001220703,13.3479995727539,695,114,0.270000010728836,125.069999694824,110.209999084473,197.214614868164
"species",109,109,593,23.0769996643066,28.7959995269775,16.9400005340576,737,92,0.109999999403954,146.279998779297,129.139999389648,204.875625610352
"species",110,110,2159,15.0301666259766,20.7800006866455,9.06799983978271,1419,223,0.479999989271164,100.690002441406,93.8899993896484,233.053573608398
"species",111,111,2080,16.7188339233398,21.8759994506836,11.3559999465942,446,79,-0.0500000007450581,116.559997558594,115.269996643066,219.974090576172
"species",112,112,1944,17.8173332214355,23.3719997406006,12.543999671936,667,202,0.370000004768372,120.440002441406,120.400001525879,190.509460449219
"species",113,113,2579,13.9460000991821,19.3039989471436,8.19200038909912,391,146,-0.340000003576279,111.01000213623,100.599998474121,224.429168701172
"species",114,114,3340,9.07600021362305,13.2959995269775,4.07999992370605,373,68,0.0799999982118607,81.5299987792969,73.5899963378906,212.261459350586
"species",115,115,712,23.5473327636719,28.4039993286133,18.2679996490479,885,401,0.379999995231628,134.070007324219,119.970001220703,236.626510620117
"species",116,116,320,24.6184997558594,29.6400012969971,19.2759990692139,1156,716,0.5,141.119995117188,124.589996337891,218.045532226562
"species",117,117,202,25.4440002441406,30.8479995727539,19.4720001220703,988,572,0.419999986886978,144.179992675781,119.190002441406,215.035766601562
"species",118,118,282,25.3815002441406,30.8680000305176,19.511999130249,914,652,0.409999996423721,147.660003662109,127.300003051758,213.051132202148
"species",119,119,228,25.545166015625,30.9680004119873,19.5520000457764,963,619,0.430000007152557,145.729995727539,119.639999389648,216.537216186523
