"species","x","y","alt","wc2.0_bio_2.5m_1","wc2.0_bio_2.5m_5","wc2.0_bio_2.5m_6","wc2.0_bio_2.5m_16","wc2.0_bio_2.5m_17","current_2.5arcmin_climaticMoistureIndex","current_2.5arcmin_PETDriestQuarter","current_2.5arcmin_PETWettestQuarter","Cropped_Cloud"
"species",1,1,281,-2.5128333568573,18.8799991607666,-29.435998916626,294,98,0.360000014305115,13.4499998092651,76.8899993896484,200.738479614258
"species",2,2,758,-5.86216640472412,15.9320001602173,-29.923999786377,293,142,0.509999990463257,0.649999976158142,70.0500030517578,207.302459716797
"species",3,3,10,-0.642628252506256,17.5076923370361,-21.6615390777588,297,191,0.400000005960464,20.4899997711182,91.9499969482422,202.233657836914
"species",4,4,431,7.32783317565918,17.9400005340576,-4.41599988937378,855,205,0.660000026226044,103.440002441406,10.9700002670288,179.567001342773
"species",5,5,245,-0.105499923229218,20.2560005187988,-25.8559989929199,304,109,0.209999993443489,22.1200008392334,102.790000915527,199.483276367188
"species",6,6,280,-0.413166701793671,19.8920001983643,-25.8999996185303,328,116,0.280000001192093,21.6299991607666,98.3499984741211,200.932098388672
"species",7,7,338,-0.757500052452087,19.8479995727539,-26.9160003662109,336,133,0.330000013113022,20.4300003051758,93.0899963378906,197.209625244141
"species",8,8,477,-1.19583344459534,17.5,-23.6960010528564,339,219,0.509999990463257,6.84999990463257,58.6800003051758,196.063629150391
"species",9,9,245,0.169999957084656,18.1959991455078,-20.7320003509521,331,183,0.469999998807907,9.30000019073486,57.0999984741211,193.495666503906
"species",10,10,26,1.22466671466827,17.1800003051758,-17.988000869751,345,208,0.5,11.6700000762939,32.3199996948242,175.156539916992
"species",11,11,97,0.966333210468292,16.4039993286133,-18.3959999084473,308,211,0.589999973773956,21.1200008392334,50.1199989318848,191.760757446289
"species",12,12,295,7.87847232818604,18.095832824707,-2.28333330154419,1517,325,0.769999980926514,89.2600021362305,12.0500001907349,193.713012695312
"species",13,13,390,7.91016674041748,18.8320007324219,-4.07600021362305,1251,203,0.689999997615814,110.419998168945,13.1400003433228,184.633316040039
"species",14,14,658,7.53299999237061,23.1760005950928,-10.6759996414185,321,107,-0.150000005960464,139.800003051758,11.8000001907349,175.489532470703
"species",15,15,1227,5.2926664352417,20.4039993286133,-11.9840002059937,245,108,-0.180000007152557,134.809997558594,10.5799999237061,174.014312744141
"species",16,16,409,3.43849992752075,23.6280002593994,-22.5,300,59,-0.170000001788139,4.30999994277954,144.960006713867,190.54621887207
"species",17,17,367,2.97383332252502,22.7840003967285,-21.7800006866455,299,76,-0.129999995231628,4.40999984741211,141.360000610352,186.712615966797
"species",18,18,369,1.55283331871033,20.1639995574951,-21.5160007476807,298,153,0.25,30.0200004577637,71.5100021362305,196.097290039062
"species",19,19,196,0.134333342313766,20.9200000762939,-26.3999996185303,286,125,0.170000001788139,25.1200008392334,106.230003356934,200.190322875977
"species",20,20,307,0.431833386421204,20.7600002288818,-25.4119987487793,320,123,0.200000002980232,25.7800006866455,106.680000305176,200.93815612793
"species",21,21,301,0.450833112001419,20.7159996032715,-25.4360008239746,340,134,0.259999990463257,8.27000045776367,105.190002441406,204.498764038086
"species",22,22,96,2.5843334197998,20.1960010528564,-19.8439998626709,280,144,0.159999996423721,29.25,103.879997253418,177.082229614258
"species",23,23,408,1.01733338832855,20.4680004119873,-22.3120002746582,338,208,0.370000004768372,25.2999992370605,100.73999786377,193.031616210938
"species",24,24,297,1.77183318138123,19.7919998168945,-20.492000579834,320,220,0.370000004768372,26.7399997711182,100.099998474121,192.192611694336
"species",25,25,455,1.44683337211609,19.4400005340576,-19.8040008544922,352,240,0.5,23.6599998474121,16.2800006866455,194.18782043457
"species",26,26,10,1.49057006835938,18.1421051025391,-17.4578952789307,317,236,0.490000009536743,24.6900005340576,16.2600002288818,170.64094543457
"species",27,27,57,10.0159091949463,19.8818187713623,0.0590909086167812,1032,164,0.680000007152557,118.110000610352,20.6900005340576,176.696914672852
"species",28,28,611,8.40316677093506,19.9759998321533,-4.47599983215332,1050,184,0.629999995231628,132.940002441406,16.9899997711182,170.614181518555
"species",29,29,1291,4.93583345413208,18.5,-10.1160001754761,542,87,0.379999995231628,120.980003356934,10.710000038147,156.181869506836
"species",30,30,811,8.17749977111816,22.8320007324219,-8.70800018310547,286,102,-0.230000004172325,147.610000610352,15.4200000762939,156.187911987305
"species",31,31,1219,5.6743335723877,23.2280006408691,-15.6599998474121,129,85,-0.540000021457672,100.459999084473,117.48999786377,172.210830688477
"species",32,32,307,6.51283359527588,27.3719997406006,-18.4519996643066,262,48,-0.360000014305115,10.1800003051758,156.050003051758,162.30290222168
"species",33,33,403,4.37150001525879,24.6800003051758,-21.1679992675781,305,59,-0.170000001788139,6.98000001907349,148.240005493164,181.178146362305
"species",34,34,511,4.04349994659424,22.9360008239746,-18.8120002746582,304,96,0,8.32999992370605,118.970001220703,189.283874511719
"species",35,35,329,4.84333324432373,23.5359992980957,-17.6480007171631,272,118,0.00999999977648258,9.93000030517578,118.319999694824,191.783554077148
"species",36,36,186,4.66949987411499,22.1079998016357,-16.0520000457764,268,154,0.119999997317791,34.810001373291,78.6800003051758,177.725311279297
"species",37,37,317,3.16216683387756,21.6960010528564,-20.5520000457764,301,176,0.209999993443489,33.7900009155273,108.540000915527,195.429611206055
"species",38,38,275,3.37083339691162,22.4559993743896,-20.8159999847412,287,175,0.129999995231628,14.6899995803833,115.660003662109,196.512664794922
"species",39,39,373,3.01516675949097,21.9640007019043,-20.5160007476807,329,195,0.310000002384186,33.9900016784668,127.459999084473,202.512664794922
"species",40,40,62,4.5756664276123,22.7719993591309,-18.7000007629395,315,198,0.25,36.6699981689453,115.389999389648,178.201919555664
"species",41,41,392,2.95066666603088,21.7080001831055,-18.8719997406006,337,208,0.25,14.9499998092651,130.279998779297,199.890853881836
"species",42,42,344,3.24033331871033,21.3239994049072,-18.5160007476807,313,249,0.319999992847443,33.5499992370605,21.5900001525879,196.024475097656
"species",43,43,73,4.92966651916504,22.9160003662109,-15.3999996185303,317,273,0.319999992847443,83.2799987792969,13.3199996948242,189
"species",44,44,41,5.85083341598511,21.8899993896484,-11.2600002288818,408,271,0.400000005960464,120.910003662109,14.8400001525879,185.509185791016
"species",45,45,231,10.6464996337891,19.8479995727539,0.324000000953674,879,99,0.46000000834465,137.520004272461,23.9699993133545,143.457778930664
"species",46,46,380,10.8593330383301,22.8479995727539,-2.38000011444092,674,112,0.319999992847443,153.949996948242,22.3799991607666,136.44709777832
"species",47,47,1866,3.09899997711182,18.57200050354,-12.2600002288818,222,91,-0.159999996423721,133.009994506836,14.0500001907349,160.457550048828
"species",48,48,295,6.62599992752075,27.492000579834,-18.4839992523193,263,49,-0.370000004768372,10.3900003433228,157.160003662109,162.30290222168
"species",49,49,313,6.64550018310547,27.2799987792969,-18.8159999847412,234,60,-0.379999995231628,9.98999977111816,155.119995117188,158.706817626953
"species",50,50,267,6.72183322906494,26.6319999694824,-18.3600006103516,309,73,-0.140000000596046,11.539999961853,155.850006103516,173.161254882812
"species",51,51,360,5.83983325958252,25.0879993438721,-18.0920009613037,309,84,-0.0700000002980232,11.2399997711182,129.110000610352,174.627105712891
"species",52,52,263,7.1196665763855,25.2840003967285,-14.57200050354,252,122,-0.170000001788139,23.7299995422363,133.800003051758,186.281204223633
"species",53,53,178,8.27783298492432,22.0960006713867,-7.90000009536743,267,186,0.0299999993294477,22.6399993896484,118.51000213623,174.548187255859
"species",54,54,255,6.74283313751221,23.7639999389648,-13.460000038147,242,156,-0.0299999993294477,20.5799999237061,122.220001220703,183.807022094727
"species",55,55,119,7.39716672897339,24.5160007476807,-12.6079998016357,280,212,0.0799999982118607,135.539993286133,28.9300003051758,170.919494628906
"species",56,56,294,6.35349988937378,24.7320003509521,-15.0920000076294,287,194,0.0799999982118607,23.2800006866455,146.929992675781,194.859680175781
"species",57,57,36,6.34500026702881,23.8999996185303,-13.7200002670288,378,251,0.340000003576279,132.809997558594,16.5799999237061,170.720703125
"species",58,58,113,5.87483310699463,21.8439998626709,-11.6319999694824,443,313,0.46000000834465,114.620002746582,16,191.125823974609
"species",59,59,507,11.3889999389648,21.996000289917,0.796000003814697,862,53,0.379999995231628,149.990005493164,29.0699996948242,105.334365844727
"species",60,60,1570,7.78016662597656,22.3719997406006,-6.91200017929077,495,58,-0.0900000035762787,156.240005493164,24.5900001525879,97.1751937866211
"species",61,61,229,10.8031663894653,29.0279998779297,-11.1000003814697,303,158,-0.100000001490116,21.2800006866455,160.149993896484,172.374313354492
"species",62,62,210,9.83683300018311,27.923999786377,-11.7799997329712,313,148,-0.0700000002980232,19.6200008392334,157.089996337891,172.893676757812
"species",63,63,257,9.1966667175293,27.1200008392334,-11.8360004425049,276,156,-0.119999997317791,29.4799995422363,154.139999389648,182.626083374023
"species",64,64,267,9.60033321380615,26.7479991912842,-10.3520002365112,291,177,-0.0599999986588955,20.1499996185303,150.029998779297,185.815444946289
"species",65,65,503,7.89883327484131,24.7399997711182,-11.5600004196167,313,189,0,18.5400009155273,145.309997558594,189.103210449219
"species",66,66,316,8.39599990844727,25.7439994812012,-11.1840000152588,330,253,0.140000000596046,30.3299999237061,147.580001831055,177.714416503906
"species",67,67,189,8.67350006103516,26.4400005340576,-10.539999961853,324,294,0.209999993443489,30.0499992370605,36.9000015258789,172.305145263672
"species",68,68,49,9.76249980926514,26.0529403686523,-7.01176452636719,343,261,0.270000010728836,131.410003662109,23.2399997711182,150.689910888672
"species",69,69,225,12.8481664657593,31.7840003967285,-8.05200004577637,352,135,-0.129999995231628,30.4899997711182,144.100006103516,137.900299072266
"species",70,70,236,12.4901666641235,31.0920009613037,-8.04800033569336,330,158,-0.129999995231628,28.9899997711182,138.850006103516,141.83251953125
"species",71,71,156,12.6033334732056,30.988000869751,-8.5,297,183,-0.140000000596046,27.1599998474121,138.100006103516,157.649169921875
"species",72,72,144,12.3839998245239,30.3039989471436,-8.30399990081787,351,210,-0.0299999993294477,26.8400001525879,162.660003662109,170.64599609375
"species",73,73,247,11.9650001525879,29.5200004577637,-7.67600011825562,329,229,-0.00999999977648258,27.3799991607666,102.870002746582,168.694595336914
"species",74,74,101,13.00950050354,30.5960006713867,-5.48799991607666,289,224,-0.0900000035762787,29.7900009155273,160.759994506836,160.399017333984
"species",75,75,81,16.9396667480469,33.7159996032715,-1.44400000572205,132,2,-0.839999973773956,210.789993286133,63.9900016784668,68.5476760864258
"species",76,76,1968,9.20866680145264,25.9640007019043,-6.61199998855591,254,24,-0.529999971389771,155.970001220703,45.6399993896484,69.2450561523438
"species",77,77,406,14.0838327407837,31.9879989624023,-4.8120002746582,363,192,-0.0500000007450581,37.9000015258789,142.559997558594,131.279205322266
"species",78,78,217,14.1791667938232,32.2999992370605,-4.87199974060059,336,228,-0.140000000596046,38.7200012207031,121.190002441406,129.910552978516
"species",79,79,87,14.5268335342407,32.4519996643066,-5.15599966049194,388,261,0.0399999991059303,123.230003356934,110.980003356934,158.208709716797
"species",80,80,418,13.1006669998169,30.3599987030029,-5.19999980926514,377,294,0.140000000596046,117.129997253418,113.800003051758,152.564270019531
"species",81,81,766,11.6466665267944,28.0480003356934,-5.14400005340576,339,252,0.0799999982118607,51.6500015258789,151.649993896484,152.379257202148
"species",82,82,27,15.2690000534058,32.7959976196289,-2.35199999809265,350,241,-0.0700000002980232,59.3800010681152,168.059997558594,136.345855712891
"species",83,83,1,15.8522434234619,30.7230777740479,1.46153843402863,378,247,0.0900000035762787,52.9900016784668,129.460006713867,119.640884399414
"species",84,84,1350,11.8773336410522,28.0319995880127,-3.15599989891052,283,9,-0.419999986886978,151.759994506836,50.1699981689453,40.7121162414551
"species",85,85,238,16.279333114624,34.0120010375977,-2.3199999332428,366,185,-0.150000005960464,45.4700012207031,148.080001831055,117.349906921387
"species",86,86,328,15.4388332366943,32.5999984741211,-2.43200016021729,433,282,0.0299999993294477,46.0099983215332,122.48999786377,128.219497680664
"species",87,87,155,15.9975004196167,33.568000793457,-2.07999992370605,441,279,0.0799999982118607,131.649993896484,65.3899993896484,130.598587036133
"species",88,88,37,17.2110004425049,34,0.320000022649765,393,221,-0.140000000596046,68.4499969482422,171.169998168945,144.391067504883
"species",89,89,15,17.0113334655762,33.4160003662109,0.815999984741211,489,241,0.0500000007450581,66.0100021362305,162.089996337891,133.469909667969
"species",90,90,779,15.6805000305176,28.4160003662109,4.10400009155273,167,13,-0.75,158.639999389648,72.6699981689453,36.6107978820801
"species",91,91,1294,14.4536666870117,29.2280006408691,0.144000008702278,112,12,-0.709999978542328,135.919998168945,71.1100006103516,29.5701541900635
"species",92,92,181,19.4629993438721,35.492000579834,2.76799988746643,282,175,-0.409999996423721,60.1199989318848,158.149993896484,147.786544799805
"species",93,93,75,19.1636657714844,35.2200012207031,2.79999995231628,312,244,-0.259999990463257,183.449996948242,160.059997558594,140.100936889648
"species",94,94,127,18.1303329467773,33.9720001220703,1.81199991703033,455,310,0.0799999982118607,105.529998779297,59.5299987792969,127.863464355469
"species",95,95,117,18.05299949646,33.7280006408691,1.88800001144409,457,286,0.0599999986588955,105.709999084473,77.1999969482422,127.99048614502
"species",96,96,78,18.8208332061768,34.2719993591309,2.76799988746643,422,229,-0.100000001490116,108.019996643066,80.4199981689453,136.728515625
"species",97,97,54,19.1855010986328,34.4040031433105,3.29999995231628,452,212,-0.150000005960464,105.449996948242,177.229995727539,141.766555786133
"species",98,98,9,18.8013896942139,33.3523826599121,4.20476150512695,472,223,-0.00999999977648258,69.8099975585938,156.25,122.54052734375
"species",99,99,111,16.079833984375,26.2840003967285,7.40399980545044,107,3,-0.910000026226044,178.910003662109,82.2399978637695,47.5868225097656
"species",100,100,1423,16.9624996185303,32.923999786377,0.392000019550323,596,51,-0.490000009536743,157,157.850006103516,64.3728637695312
"species",101,101,2041,14.1146669387817,29.7159996032715,-2.06800007820129,639,56,-0.370000004768372,145.119995117188,150.470001220703,77.6779708862305
"species",102,102,340,19.950834274292,35.2400016784668,3.70000004768372,207,93,-0.589999973773956,87.2300033569336,165.339996337891,122.763687133789
"species",103,103,133,20.1008338928223,35.484001159668,3.88000011444092,305,161,-0.439999997615814,84.0800018310547,162.669998168945,159.66975402832
"species",104,104,8,19.8393325805664,33.5919990539551,5.13599967956543,428,306,0.100000001490116,100.5,153.339996337891,161.793045043945
"species",105,105,9,19.8688335418701,34.1520004272461,5.06799983978271,561,280,0.0500000007450581,83,153.240005493164,129.021667480469
"species",106,106,13,21.498498916626,33.0639991760254,9.44799995422363,527,191,-0.0500000007450581,70.4400024414062,145.059997558594,127.069961547852
"species",107,107,1183,20.9351673126221,33.423999786377,8.11999988555908,650,43,-0.379999995231628,175.320007324219,159.029998779297,64.5411224365234
"species",108,108,1344,19.7773342132568,31.3199996948242,6.55600023269653,262,44,-0.639999985694885,91.9100036621094,154.990005493164,108.159271240234
"species",109,109,1724,18.6606674194336,28.423999786377,7.99600028991699,647,18,-0.46000000834465,146.520004272461,145.080001831055,82.5421524047852
"species",110,110,2085,17.4366664886475,29.1840000152588,4.25600004196167,480,17,-0.529999971389771,141.660003662109,149.630004882812,93.0042114257812
"species",111,111,1623,19.269832611084,29.9400005340576,7.86399984359741,231,23,-0.779999971389771,114.319999694824,175.970001220703,97.7875747680664
"species",112,112,12,25.8274993896484,34.8440017700195,16.2600002288818,445,74,-0.409999996423721,126.209999084473,159.259994506836,167.394088745117
"species",113,113,25,25.304666519165,33.7400016784668,15.9440002441406,506,136,-0.239999994635582,125.089996337891,159.369995117188,172.309432983398
"species",114,114,814,23.7910003662109,34.0919990539551,12.5600004196167,455,17,-0.579999983310699,174.360000610352,157.899993896484,97.4851837158203
"species",115,115,2273,16.1598339080811,27.1119995117188,3.13599991798401,641,21,-0.25,137.539993286133,123.220001220703,146.779342651367
"species",116,116,2587,13.0933332443237,23.42799949646,1.32799994945526,481,38,-0.400000005960464,96.4800033569336,125.76000213623,122.816123962402
"species",117,117,984,20.5398330688477,29.5399990081787,10.7399997711182,722,109,0.200000002980232,107.809997558594,138.479995727539,184.092041015625
"species",118,118,23,26.1534996032715,35.2360000610352,16.7600002288818,709,50,-0.230000004172325,147.830001831055,148.279998779297,195.355758666992
"species",119,119,90,26.0731658935547,35.5400009155273,16.3120002746582,554,79,-0.370000004768372,161.520004272461,164.059997558594,160.439422607422
"species",120,120,2087,18.3549995422363,26.492000579834,8.92800045013428,795,26,0.0599999986588955,133.850006103516,115.5,139.449691772461
"species",121,121,1748,19.3716659545898,25.488000869751,12.5640001296997,634,27,-0.349999994039536,121.400001525879,136.229995727539,138.512298583984
"species",122,122,702,23.1568336486816,30.5359992980957,15.2880001068115,796,170,0.319999992847443,139.589996337891,137.020004272461,191.262130737305
"species",123,123,112,26.5463333129883,33,19.503999710083,834,222,0.28999999165535,155.449996948242,111.970001220703,150.074722290039
"species",124,124,237,25.6758327484131,31.9759998321533,18.9720001220703,801,265,0.0900000035762787,140.929992675781,142.119995117188,193.415939331055
"species",125,125,2369,14.585000038147,22.2360000610352,5.93599987030029,559,21,-0.200000002980232,93.9199981689453,110.970001220703,162.970581054688
"species",126,126,776,23.4820003509521,29.5960006713867,17.2119998931885,539,15,-0.469999998807907,114.98999786377,136.190002441406,167.435958862305
"species",127,127,684,23.3958339691162,30.9440002441406,15.576000213623,446,51,-0.300000011920929,136.809997558594,137.039993286133,190.527114868164
"species",128,128,223,25.6441669464111,32.476001739502,18.6319999694824,804,168,0.00999999977648258,155.330001831055,147.070007324219,187.67741394043
"species",129,129,211,25.2880001068115,30.8159999847412,20.1960010528564,1232,425,0.620000004768372,141.880004882812,131.309997558594,218.290481567383
"species",130,130,8,26.2743339538574,31.3799991607666,21.5799999237061,1100,505,0.579999983310699,136.039993286133,111.73999786377,200.79768371582
"species",131,131,1137,20.2630004882812,26.1159992218018,14.4759998321533,868,238,0.340000003576279,130.259994506836,126.199996948242,216.641098022461
"species",132,132,775,22.1726665496826,27.7880001068115,16.7119998931885,1070,430,0.490000009536743,125.959999084473,115.48999786377,230.488433837891
"species",133,133,75,26.4023342132568,30.9559993743896,22.2999992370605,940,91,0.360000014305115,122.51000213623,113.870002746582,215.884750366211
"species",134,134,92,26.2153339385986,30.7199993133545,22.1079998016357,825,88,0.25,124.5,123.169998168945,219.798629760742
"species",135,135,696,23.5811672210693,28.6440010070801,19.0639991760254,883,332,0.439999997615814,137.770004272461,134.119995117188,229.145278930664
"species",136,136,17,28.142333984375,33.2000007629395,22.935998916626,1493,809,0.660000026226044,145.679992675781,140.990005493164,228.565643310547
"species",137,137,340,26.6538333892822,31.6480007171631,21.3680000305176,875,360,0.330000013113022,142.229995727539,136.399993896484,208.020751953125
"species",138,138,2914,11.9728336334229,17.2439994812012,6.11999988555908,366,104,-0.170000001788139,97.2200012207031,89.6699981689453,210.445114135742
"species",139,139,53,25.9659996032715,30.2880001068115,21.992000579834,2195,1069,0.810000002384186,121.839996337891,118.26000213623,234.037780761719
"species",140,140,2553,13.9676666259766,18.6160011291504,8.83600044250488,406,201,-0.270000010728836,95.6800003051758,98.9599990844727,224.499114990234
"species",141,141,99,25.8451671600342,30.3239994049072,21.6280002593994,1459,1065,0.670000016689301,127.370002746582,125.680000305176,237
"species",142,142,163,25.7690010070801,32.2280006408691,20.1079998016357,957,213,0.330000013113022,154.960006713867,124.129997253418,179.720825195312
"species",143,143,301,24.7443332672119,29.8400001525879,19.2719993591309,1160,715,0.490000009536743,142.800003051758,125.050003051758,218.075668334961
"species",144,144,219,25.4191665649414,30.8199996948242,19.431999206543,993,587,0.419999986886978,144.960006713867,118.970001220703,215.165222167969
"species",145,145,8,26.5970001220703,31.0400009155273,22.4839992523193,1275,257,0.219999998807907,148.070007324219,134.929992675781,202.872055053711
"species",146,146,38,26.1620006561279,32.3079986572266,20.3680000305176,1194,97,0.319999992847443,155.639999389648,125.569999694824,214.250991821289
"species",147,147,253,25.8041667938232,31.2999992370605,19.988000869751,805,606,0.349999994039536,133.589996337891,137.479995727539,212
"species",148,148,210,25.7601661682129,31.2399997711182,19.7999992370605,881,620,0.409999996423721,146.330001831055,119.519996643066,214.755477905273
"species",149,149,821,23.4258327484131,29.7000007629395,16.988000869751,460,241,0.0500000007450581,108.919998168945,119.970001220703,212.553619384766
