"species","x","y","alt","wc2.0_bio_2.5m_1","wc2.0_bio_2.5m_5","wc2.0_bio_2.5m_6","wc2.0_bio_2.5m_16","wc2.0_bio_2.5m_17","current_2.5arcmin_climaticMoistureIndex","current_2.5arcmin_PETDriestQuarter","current_2.5arcmin_PETWettestQuarter","Cropped_Cloud"
"species",1,1,866,5.49483346939087,15.4840002059937,-4.47200012207031,1177,300,0.759999990463257,83.0699996948242,10.460000038147,197.208923339844
"species",2,2,59,9.3968334197998,20.5,-3.19199991226196,1011,138,0.589999973773956,128.020004272461,13.0699996948242,180.691650390625
"species",3,3,55,10.0424995422363,18.5,0.639999985694885,367,70,0.180000007152557,116.089996337891,15.3199996948242,161.079284667969
"species",4,4,87,9.68166637420654,19.6800003051758,-1.26400005817413,640,88,0.449999988079071,106.459999084473,14.8100004196167,167.936752319336
"species",5,5,31,10.4253330230713,20.7799987792969,-0.372000008821487,357,66,0.0199999995529652,107.440002441406,14.6199998855591,158.516754150391
"species",6,6,1074,10.337833404541,21.9400005340576,-2.25600004196167,957,76,0.389999985694885,138.869995117188,23.6700000762939,105.42951965332
"species",7,7,371,12.5069999694824,25.1119995117188,-1.88800001144409,888,28,0.319999992847443,169.699996948242,31.1200008392334,72.0652923583984
"species",8,8,912,12.201000213623,27.3479995727539,-2.51999998092651,587,19,-0.189999997615814,186.539993286133,36.3899993896484,61.9813919067383
"species",9,9,1360,10.4273338317871,25.4640007019043,-4.69600009918213,690,34,0.170000001788139,168.75,35.3199996948242,64.3480911254883
"species",10,10,82,16.4576663970947,32.8400001525879,-2.05999994277954,175,4,-0.769999980926514,212.5,44.5200004577637,62.900333404541
"species",11,11,621,12.8064994812012,24.4360008239746,2.25600004196167,370,7,-0.620000004768372,166.190002441406,64.1399993896484,36.8583221435547
"species",12,12,995,12.8358335494995,27.1359996795654,0.492000013589859,316,7,-0.449999988079071,165.75,57.5499992370605,36.7867431640625
"species",13,13,41,16.5668334960938,29.07200050354,5.16400003433228,150,4,-0.870000004768372,166.669998168945,92.3899993896484,33.1812019348145
"species",14,14,1769,18.1903324127197,29.7040004730225,5.07200002670288,213,43,-0.629999995231628,85.0100021362305,151.889999389648,127.238296508789
"species",15,15,594,23.0189990997314,33.2000007629395,11.2360000610352,766,79,-0.0299999993294477,120.930000305176,159.100006103516,108.846870422363
"species",16,16,103,24.0071659088135,33.8919982910156,12.5559997558594,655,126,-0.180000007152557,115.330001831055,160.710006713867,174.55485534668
"species",17,17,16,25.2726669311523,33.8920021057129,15.6199998855591,518,133,-0.25,124.440002441406,159.679992675781,177.86994934082
"species",18,18,1940,17.1418342590332,27.3360004425049,6.20799970626831,584,66,-0.0399999991059303,101.449996948242,116.910003662109,129.940765380859
"species",19,19,28,25.757833480835,34.2120018005371,16.8479995727539,985,85,0.310000002384186,135.539993286133,130.960006713867,158.771728515625
"species",20,20,1391,22.7403335571289,29.6439990997314,15.2600002288818,850,19,-0.0399999991059303,150.759994506836,133.320007324219,188.071868896484
"species",21,21,2216,15.3708333969116,23.57200050354,7.26800012588501,442,34,-0.360000014305115,116.980003356934,125.059997558594,138.273681640625
"species",22,22,63,25.2741661071777,33.5120010375977,16.4440002441406,1547,231,0.479999989271164,144.440002441406,145.139999389648,185.229293823242
"species",23,23,1539,18.7616672515869,26.1399993896484,10.9160003662109,811,131,0.25,120.589996337891,136.979995727539,152.360000610352
"species",24,24,214,25.5993328094482,33.439998626709,17.2320003509521,990,194,0.150000005960464,122.680000305176,119.970001220703,193.403549194336
"species",25,25,16,26.4643325805664,32.1399993896484,19.8759994506836,847,189,0.389999985694885,120.050003051758,124.650001525879,165.114868164062
"species",26,26,480,24.1003341674805,31.3479995727539,16.3199996948242,660,18,-0.330000013113022,143.309997558594,164.919998168945,167.173934936523
"species",27,27,2287,15.4390001296997,22.3479995727539,7.67999982833862,694,24,0,101.660003662109,121.440002441406,152.647537231445
"species",28,28,11,26.9901676177979,33.4679985046387,19.9440002441406,1083,181,0.300000011920929,148.460006713867,150.460006713867,143.500625610352
"species",29,29,1997,16.1278324127197,22.2040004730225,9.85200023651123,591,82,0.239999994635582,116.209999084473,99.7799987792969,192.417190551758
"species",30,30,632,23.6269989013672,29.8080005645752,17.003999710083,728,186,0.239999994635582,141.100006103516,134.139999389648,198.010055541992
"species",31,31,68,26.3024997711182,30.8680000305176,21.7999992370605,849,53,0.209999993443489,159.889999389648,134.779998779297,143.674072265625
"species",32,32,412,24.1525001525879,29.7000007629395,19.0279998779297,1183,451,0.610000014305115,139.220001220703,130.660003662109,230.732482910156
"species",33,33,1284,19.4361667633057,25.1520004272461,13.8800001144409,1296,373,0.490000009536743,117.599998474121,108.76000213623,230.488433837891
"species",34,34,54,26.4811668395996,30.9599990844727,22.4839992523193,958,88,0.400000005960464,119,114.040000915527,208.960372924805
"species",35,35,96,26.2625007629395,30.5360012054443,22.1159992218018,917,66,0.170000001788139,122.459999084473,112.559997558594,214.241561889648
"species",36,36,145,27.7754993438721,33.2360000610352,22.4799995422363,871,310,0.270000010728836,150.100006103516,149.399993896484,191.503997802734
"species",37,37,48,25.9631671905518,30.2759990692139,22.076000213623,2201,1363,0.779999971389771,121.830001831055,121.389999389648,234.16015625
"species",38,38,173,27.6521663665771,33.1240005493164,22.2719993591309,883,330,0.25,148.809997558594,141.539993286133,195.192520141602
"species",39,39,62,26.2851676940918,30.9839992523193,21.9400005340576,1790,1140,0.810000002384186,136.229995727539,127.529998779297,224.464859008789
"species",40,40,712,23.5473327636719,28.4039993286133,18.2679996490479,885,401,0.379999995231628,134.070007324219,119.970001220703,236.626510620117
"species",41,41,163,25.7690010070801,32.2280006408691,20.1079998016357,957,213,0.330000013113022,154.960006713867,124.129997253418,179.720825195312
"species",42,42,295,24.7158336639404,29.7399997711182,19.3719997406006,1134,714,0.5,141.449996948242,124.610000610352,216.598495483398
"species",43,43,236,25.242000579834,30.5839996337891,19.3599987030029,984,545,0.430000007152557,143.440002441406,119.190002441406,215.076553344727
"species",44,44,8,26.5970001220703,31.0400009155273,22.4839992523193,1275,257,0.219999998807907,148.070007324219,134.929992675781,202.872055053711
"species",45,45,43,26.1753330230713,32.2280006408691,20.507999420166,1217,101,0.330000013113022,154.289993286133,125.790000915527,215.54216003418
"species",46,46,290,25.3185005187988,30.7679996490479,19.4839992523193,928,655,0.419999986886978,147.669998168945,127.050003051758,213.051132202148
"species",47,47,821,23.4258327484131,29.7000007629395,16.988000869751,460,241,0.0500000007450581,108.919998168945,119.970001220703,212.553619384766
